{
  "orientation_override": "none",
  "frames": [
    {
      "file_path": "./000.png",
      "transform_matrix": [
        [
          1.0,
          -0.0,
          -0.0,
          0.0
        ],
        [
          0.0,
          -1.0,
          -0.0,
          0.0
        ],
        [
          -0.0,
          -0.0,
          -1.0,
          0.0
        ],
        [
          0.0,
          -0.0,
          -0.0,
          1.0
        ]
      ],
      "fl_x": 498.8306325798367,
      "fl_y": 498.8306325798367,
      "cx": 288.0,
      "cy": 288.0,
      "w": 576,
      "h": 576
    },
    {
      "file_path": "./001.png",
      "transform_matrix": [
        [
          -1.0,
          -0.0,
          -1.2246467991473532e-16,
          0.0
        ],
        [
          0.0,
          -1.0,
          -0.0,
          0.0
        ],
        [
          -1.2246467991473532e-16,
          -0.0,
          1.0,
          0.0
        ],
        [
          0.0,
          -0.0,
          -0.0,
          1.0
        ]
      ],
      "fl_x": 498.8306325798367,
      "fl_y": 498.8306325798367,
      "cx": 288.0,
      "cy": 288.0,
      "w": 576,
      "h": 576
    },
    {
      "file_path": "./002.png",
      "transform_matrix": [
        [
          0.7071067811865476,
          -0.0,
          -0.7071067811865475,
          0.0
        ],
        [
          0.0,
          -1.0,
          -0.0,
          0.0
        ],
        [
          -0.7071067811865475,
          -0.0,
          -0.7071067811865476,
          0.0
        ],
        [
          0.0,
          -0.0,
          -0.0,
          1.0
        ]
      ],
      "fl_x": 498.8306325798367,
      "fl_y": 498.8306325798367,
      "cx": 288.0,
      "cy": 288.0,
      "w": 576,
      "h": 576
    },
    {
      "file_path": "./003.png",
      "transform_matrix": [
        [
          6.123233995736766e-17,
          -0.0,
          -1.0,
          0.0
        ],
        [
          0.0,
          -1.0,
          -0.0,
          0.0
        ],
        [
          -1.0,
          -0.0,
          -6.123233995736766e-17,
          0.0
        ],
        [
          0.0,
          -0.0,
          -0.0,
          1.0
        ]
      ],
      "fl_x": 498.8306325798367,
      "fl_y": 498.8306325798367,
      "cx": 288.0,
      "cy": 288.0,
      "w": 576,
      "h": 576
    },
    {
      "file_path": "./004.png",
      "transform_matrix": [
        [
          -0.7071067811865475,
          -0.0,
          -0.7071067811865476,
          0.0
        ],
        [
          0.0,
          -1.0,
          -0.0,
          0.0
        ],
        [
          -0.7071067811865476,
          -0.0,
          0.7071067811865475,
          0.0
        ],
        [
          0.0,
          -0.0,
          -0.0,
          1.0
        ]
      ],
      "fl_x": 498.8306325798367,
      "fl_y": 498.8306325798367,
      "cx": 288.0,
      "cy": 288.0,
      "w": 576,
      "h": 576
    },
    {
      "file_path": "./005.png",
      "transform_matrix": [
        [
          -0.7071067811865477,
          -0.0,
          0.7071067811865475,
          0.0
        ],
        [
          0.0,
          -1.0,
          -0.0,
          0.0
        ],
        [
          0.7071067811865475,
          -0.0,
          0.7071067811865477,
          0.0
        ],
        [
          0.0,
          -0.0,
          -0.0,
          1.0
        ]
      ],
      "fl_x": 498.8306325798367,
      "fl_y": 498.8306325798367,
      "cx": 288.0,
      "cy": 288.0,
      "w": 576,
      "h": 576
    },
    {
      "file_path": "./006.png",
      "transform_matrix": [
        [
          -1.8369701987210297e-16,
          -0.0,
          1.0,
          0.0
        ],
        [
          0.0,
          -1.0,
          -0.0,
          0.0
        ],
        [
          1.0,
          -0.0,
          1.8369701987210297e-16,
          0.0
        ],
        [
          0.0,
          -0.0,
          -0.0,
          1.0
        ]
      ],
      "fl_x": 498.8306325798367,
      "fl_y": 498.8306325798367,
      "cx": 288.0,
      "cy": 288.0,
      "w": 576,
      "h": 576
    },
    {
      "file_path": "./007.png",
      "transform_matrix": [
        [
          0.7071067811865474,
          -0.0,
          0.7071067811865477,
          0.0
        ],
        [
          0.0,
          -1.0,
          -0.0,
          0.0
        ],
        [
          0.7071067811865477,
          -0.0,
          -0.7071067811865474,
          0.0
        ],
        [
          0.0,
          -0.0,
          -0.0,
          1.0
        ]
      ],
      "fl_x": 498.8306325798367,
      "fl_y": 498.8306325798367,
      "cx": 288.0,
      "cy": 288.0,
      "w": 576,
      "h": 576
    }
  ]
}