{
     "orientation_override": "none",
     "frames": [
          {
               "fl_x": 0.8645833134651184,
               "fl_y": 0.8645833134651184,
               "cx": 0.5,
               "cy": 0.5,
               "w": 576,
               "h": 576,
               "file_path": "./000.png",
               "transform_matrix": [
                    [
                         0.13434162428529672,
                         -0.05301830950702152,
                         -0.9895157334986674,
                         0.0
                    ],
                    [
                         0.9887361859713323,
                         0.07365785425028605,
                         0.13028919643170753,
                         0.0
                    ],
                    [
                         0.06597789715447035,
                         -0.9958732074833111,
                         0.06231644108458772,
                         0.0
                    ],
                    [
                         0.0,
                         0.0,
                         0.0,
                         1.0
                    ]
               ]
          },
          {
               "fl_x": 0.8645833134651184,
               "fl_y": 0.8645833134651184,
               "cx": 0.5,
               "cy": 0.5,
               "w": 576,
               "h": 576,
               "file_path": "./001.png",
               "transform_matrix": [
                    [
                         0.7946871586253704,
                         -0.053018313058749274,
                         -0.6046994116057498,
                         0.0
                    ],
                    [
                         0.6070136874780191,
                         0.07365785918466906,
                         0.7912704360676376,
                         0.0
                    ],
                    [
                         0.002589040415541755,
                         -0.9958732741974433,
                         0.09071779653954765,
                         0.0
                    ],
                    [
                         0.0,
                         0.0,
                         0.0,
                         1.0
                    ]
               ]
          },
          {
               "fl_x": 0.8645833134651184,
               "fl_y": 0.8645833134651184,
               "cx": 0.5,
               "cy": 0.5,
               "w": 576,
               "h": 576,
               "file_path": "./002.png",
               "transform_matrix": [
                    [
                         0.9895157334986674,
                         -0.05301830950702152,
                         0.13434162428529672,
                         0.0
                    ],
                    [
                         -0.13028919643170753,
                         0.07365785425028605,
                         0.9887361859713323,
                         0.0
                    ],
                    [
                         -0.06231644108458772,
                         -0.9958732074833111,
                         0.06597789715447035,
                         0.0
                    ],
                    [
                         0.0,
                         0.0,
                         0.0,
                         1.0
                    ]
               ]
          },
          {
               "fl_x": 0.8645833134651184,
               "fl_y": 0.8645833134651184,
               "cx": 0.5,
               "cy": 0.5,
               "w": 576,
               "h": 576,
               "file_path": "./003.png",
               "transform_matrix": [
                    [
                         0.6046994116057498,
                         -0.053018313058749274,
                         0.7946871586253704,
                         0.0
                    ],
                    [
                         -0.7912704360676376,
                         0.07365785918466906,
                         0.6070136874780191,
                         0.0
                    ],
                    [
                         -0.09071779653954765,
                         -0.9958732741974433,
                         0.002589040415541755,
                         0.0
                    ],
                    [
                         0.0,
                         0.0,
                         0.0,
                         1.0
                    ]
               ]
          },
          {
               "fl_x": 0.8645833134651184,
               "fl_y": 0.8645833134651184,
               "cx": 0.5,
               "cy": 0.5,
               "w": 576,
               "h": 576,
               "file_path": "./004.png",
               "transform_matrix": [
                    [
                         -0.13434162428529672,
                         -0.05301830950702152,
                         0.9895157334986674,
                         0.0
                    ],
                    [
                         -0.9887361859713323,
                         0.07365785425028605,
                         -0.13028919643170753,
                         0.0
                    ],
                    [
                         -0.06597789715447035,
                         -0.9958732074833111,
                         -0.06231644108458772,
                         0.0
                    ],
                    [
                         0.0,
                         0.0,
                         0.0,
                         1.0
                    ]
               ]
          },
          {
               "fl_x": 0.8645833134651184,
               "fl_y": 0.8645833134651184,
               "cx": 0.5,
               "cy": 0.5,
               "w": 576,
               "h": 576,
               "file_path": "./005.png",
               "transform_matrix": [
                    [
                         -0.7946871586253704,
                         -0.053018313058749274,
                         0.6046994116057498,
                         0.0
                    ],
                    [
                         -0.6070136874780191,
                         0.07365785918466906,
                         -0.7912704360676376,
                         0.0
                    ],
                    [
                         -0.002589040415541755,
                         -0.9958732741974433,
                         -0.09071779653954765,
                         0.0
                    ],
                    [
                         0.0,
                         0.0,
                         0.0,
                         1.0
                    ]
               ]
          },
          {
               "fl_x": 0.8645833134651184,
               "fl_y": 0.8645833134651184,
               "cx": 0.5,
               "cy": 0.5,
               "w": 576,
               "h": 576,
               "file_path": "./006.png",
               "transform_matrix": [
                    [
                         -0.9895157334986674,
                         -0.05301830950702152,
                         -0.13434162428529672,
                         0.0
                    ],
                    [
                         0.13028919643170753,
                         0.07365785425028605,
                         -0.9887361859713323,
                         0.0
                    ],
                    [
                         0.06231644108458772,
                         -0.9958732074833111,
                         -0.06597789715447035,
                         0.0
                    ],
                    [
                         0.0,
                         0.0,
                         0.0,
                         1.0
                    ]
               ]
          },
          {
               "fl_x": 0.8645833134651184,
               "fl_y": 0.8645833134651184,
               "cx": 0.5,
               "cy": 0.5,
               "w": 576,
               "h": 576,
               "file_path": "./007.png",
               "transform_matrix": [
                    [
                         -0.6046994116057498,
                         -0.053018313058749274,
                         -0.7946871586253704,
                         0.0
                    ],
                    [
                         0.7912704360676376,
                         0.07365785918466906,
                         -0.6070136874780191,
                         0.0
                    ],
                    [
                         0.09071779653954765,
                         -0.9958732741974433,
                         -0.002589040415541755,
                         0.0
                    ],
                    [
                         0.0,
                         0.0,
                         0.0,
                         1.0
                    ]
               ]
          },
          {
               "fl_x": 0.8645833134651184,
               "fl_y": 0.8645833134651184,
               "cx": 0.5,
               "cy": 0.5,
               "w": 576,
               "h": 576,
               "file_path": "./008.png",
               "transform_matrix": [
                    [
                         0.1343415965655307,
                         -0.05301834244172458,
                         -0.9895157354973979,
                         1.106060671089169e-16
                    ],
                    [
                         0.9887361894311334,
                         0.07365786305351435,
                         0.13028916654730618,
                         5.778630560581446e-17
                    ],
                    [
                         0.06597789888611288,
                         -0.9958732723469998,
                         0.06231646879800011,
                         6.020538367391223e-17
                    ],
                    [
                         0.0,
                         0.0,
                         0.0,
                         1.0
                    ]
               ]
          },
          {
               "fl_x": 0.8645833134651184,
               "fl_y": 0.8645833134651184,
               "cx": 0.5,
               "cy": 0.5,
               "w": 576,
               "h": 576,
               "file_path": "./009.png",
               "transform_matrix": [
                    [
                         0.1343415965655307,
                         -0.05301834244172458,
                         -0.9895157354973979,
                         0.023396339118006215
                    ],
                    [
                         0.9887361894311334,
                         0.07365786305351435,
                         0.13028916654730618,
                         -0.003080587261943669
                    ],
                    [
                         0.06597789888611288,
                         -0.9958732723469998,
                         0.06231646879800011,
                         -0.001473424312662571
                    ],
                    [
                         0.0,
                         0.0,
                         0.0,
                         1.0
                    ]
               ]
          },
          {
               "fl_x": 0.8645833134651184,
               "fl_y": 0.8645833134651184,
               "cx": 0.5,
               "cy": 0.5,
               "w": 576,
               "h": 576,
               "file_path": "./010.png",
               "transform_matrix": [
                    [
                         0.1343415965655307,
                         -0.05301834244172458,
                         -0.9895157354973979,
                         0.04679267823601233
                    ],
                    [
                         0.9887361894311334,
                         0.07365786305351435,
                         0.13028916654730618,
                         -0.00616117452388739
                    ],
                    [
                         0.06597789888611288,
                         -0.9958732723469998,
                         0.06231646879800011,
                         -0.0029468486253251998
                    ],
                    [
                         0.0,
                         0.0,
                         0.0,
                         1.0
                    ]
               ]
          },
          {
               "fl_x": 0.8645833134651184,
               "fl_y": 0.8645833134651184,
               "cx": 0.5,
               "cy": 0.5,
               "w": 576,
               "h": 576,
               "file_path": "./011.png",
               "transform_matrix": [
                    [
                         0.1343415965655307,
                         -0.05301834244172458,
                         -0.9895157354973979,
                         0.07018901735401843
                    ],
                    [
                         0.9887361894311334,
                         0.07365786305351435,
                         0.13028916654730618,
                         -0.00924176178583112
                    ],
                    [
                         0.06597789888611288,
                         -0.9958732723469998,
                         0.06231646879800011,
                         -0.004420272937987835
                    ],
                    [
                         0.0,
                         0.0,
                         0.0,
                         1.0
                    ]
               ]
          },
          {
               "fl_x": 0.8645833134651184,
               "fl_y": 0.8645833134651184,
               "cx": 0.5,
               "cy": 0.5,
               "w": 576,
               "h": 576,
               "file_path": "./012.png",
               "transform_matrix": [
                    [
                         0.1343415965655307,
                         -0.05301834244172458,
                         -0.9895157354973979,
                         0.09358535647202455
                    ],
                    [
                         0.9887361894311334,
                         0.07365786305351435,
                         0.13028916654730618,
                         -0.01232234904777484
                    ],
                    [
                         0.06597789888611288,
                         -0.9958732723469998,
                         0.06231646879800011,
                         -0.005893697250650454
                    ],
                    [
                         0.0,
                         0.0,
                         0.0,
                         1.0
                    ]
               ]
          },
          {
               "fl_x": 0.8645833134651184,
               "fl_y": 0.8645833134651184,
               "cx": 0.5,
               "cy": 0.5,
               "w": 576,
               "h": 576,
               "file_path": "./013.png",
               "transform_matrix": [
                    [
                         0.1343415965655307,
                         -0.05301834244172458,
                         -0.9895157354973979,
                         0.11698169559003065
                    ],
                    [
                         0.9887361894311334,
                         0.07365786305351435,
                         0.13028916654730618,
                         -0.015402936309718578
                    ],
                    [
                         0.06597789888611288,
                         -0.9958732723469998,
                         0.06231646879800011,
                         -0.007367121563313092
                    ],
                    [
                         0.0,
                         0.0,
                         0.0,
                         1.0
                    ]
               ]
          },
          {
               "fl_x": 0.8645833134651184,
               "fl_y": 0.8645833134651184,
               "cx": 0.5,
               "cy": 0.5,
               "w": 576,
               "h": 576,
               "file_path": "./014.png",
               "transform_matrix": [
                    [
                         0.1343415965655307,
                         -0.05301834244172458,
                         -0.9895157354973979,
                         0.14037803470803678
                    ],
                    [
                         0.9887361894311334,
                         0.07365786305351435,
                         0.13028916654730618,
                         -0.018483523571662292
                    ],
                    [
                         0.06597789888611288,
                         -0.9958732723469998,
                         0.06231646879800011,
                         -0.008840545875975716
                    ],
                    [
                         0.0,
                         0.0,
                         0.0,
                         1.0
                    ]
               ]
          },
          {
               "fl_x": 0.8645833134651184,
               "fl_y": 0.8645833134651184,
               "cx": 0.5,
               "cy": 0.5,
               "w": 576,
               "h": 576,
               "file_path": "./015.png",
               "transform_matrix": [
                    [
                         0.1343415965655307,
                         -0.05301834244172458,
                         -0.9895157354973979,
                         0.1637743738260429
                    ],
                    [
                         0.9887361894311334,
                         0.07365786305351435,
                         0.13028916654730618,
                         -0.021564110833606015
                    ],
                    [
                         0.06597789888611288,
                         -0.9958732723469998,
                         0.06231646879800011,
                         -0.01031397018863835
                    ],
                    [
                         0.0,
                         0.0,
                         0.0,
                         1.0
                    ]
               ]
          },
          {
               "fl_x": 0.8645833134651184,
               "fl_y": 0.8645833134651184,
               "cx": 0.5,
               "cy": 0.5,
               "w": 576,
               "h": 576,
               "file_path": "./016.png",
               "transform_matrix": [
                    [
                         0.1343415965655307,
                         -0.05301834244172458,
                         -0.9895157354973979,
                         0.187170712944049
                    ],
                    [
                         0.9887361894311334,
                         0.07365786305351435,
                         0.13028916654730618,
                         -0.02464469809554974
                    ],
                    [
                         0.06597789888611288,
                         -0.9958732723469998,
                         0.06231646879800011,
                         -0.011787394501300974
                    ],
                    [
                         0.0,
                         0.0,
                         0.0,
                         1.0
                    ]
               ]
          },
          {
               "fl_x": 0.8645833134651184,
               "fl_y": 0.8645833134651184,
               "cx": 0.5,
               "cy": 0.5,
               "w": 576,
               "h": 576,
               "file_path": "./017.png",
               "transform_matrix": [
                    [
                         0.1343415965655307,
                         -0.05301834244172458,
                         -0.9895157354973979,
                         0.2105670520620551
                    ],
                    [
                         0.9887361894311334,
                         0.07365786305351435,
                         0.13028916654730618,
                         -0.027725285357493468
                    ],
                    [
                         0.06597789888611288,
                         -0.9958732723469998,
                         0.06231646879800011,
                         -0.013260818813963597
                    ],
                    [
                         0.0,
                         0.0,
                         0.0,
                         1.0
                    ]
               ]
          },
          {
               "fl_x": 0.8645833134651184,
               "fl_y": 0.8645833134651184,
               "cx": 0.5,
               "cy": 0.5,
               "w": 576,
               "h": 576,
               "file_path": "./018.png",
               "transform_matrix": [
                    [
                         0.1343415965655307,
                         -0.05301834244172458,
                         -0.9895157354973979,
                         0.23396339118006118
                    ],
                    [
                         0.9887361894311334,
                         0.07365786305351435,
                         0.13028916654730618,
                         -0.030805872619437187
                    ],
                    [
                         0.06597789888611288,
                         -0.9958732723469998,
                         0.06231646879800011,
                         -0.01473424312662623
                    ],
                    [
                         0.0,
                         0.0,
                         0.0,
                         1.0
                    ]
               ]
          },
          {
               "fl_x": 0.8645833134651184,
               "fl_y": 0.8645833134651184,
               "cx": 0.5,
               "cy": 0.5,
               "w": 576,
               "h": 576,
               "file_path": "./019.png",
               "transform_matrix": [
                    [
                         0.1343415965655307,
                         -0.05301834244172458,
                         -0.9895157354973979,
                         0.25735973029806725
                    ],
                    [
                         0.9887361894311334,
                         0.07365786305351435,
                         0.13028916654730618,
                         -0.033886459881380934
                    ],
                    [
                         0.06597789888611288,
                         -0.9958732723469998,
                         0.06231646879800011,
                         -0.016207667439288857
                    ],
                    [
                         0.0,
                         0.0,
                         0.0,
                         1.0
                    ]
               ]
          },
          {
               "fl_x": 0.8645833134651184,
               "fl_y": 0.8645833134651184,
               "cx": 0.5,
               "cy": 0.5,
               "w": 576,
               "h": 576,
               "file_path": "./020.png",
               "transform_matrix": [
                    [
                         0.1343415965655307,
                         -0.05301834244172458,
                         -0.9895157354973979,
                         0.28075606941607334
                    ],
                    [
                         0.9887361894311334,
                         0.07365786305351435,
                         0.13028916654730618,
                         -0.036967047143324654
                    ],
                    [
                         0.06597789888611288,
                         -0.9958732723469998,
                         0.06231646879800011,
                         -0.017681091751951518
                    ],
                    [
                         0.0,
                         0.0,
                         0.0,
                         1.0
                    ]
               ]
          },
          {
               "fl_x": 0.8645833134651184,
               "fl_y": 0.8645833134651184,
               "cx": 0.5,
               "cy": 0.5,
               "w": 576,
               "h": 576,
               "file_path": "./021.png",
               "transform_matrix": [
                    [
                         0.1343415965655307,
                         -0.05301834244172458,
                         -0.9895157354973979,
                         0.30415240853407954
                    ],
                    [
                         0.9887361894311334,
                         0.07365786305351435,
                         0.13028916654730618,
                         -0.04004763440526837
                    ],
                    [
                         0.06597789888611288,
                         -0.9958732723469998,
                         0.06231646879800011,
                         -0.019154516064614133
                    ],
                    [
                         0.0,
                         0.0,
                         0.0,
                         1.0
                    ]
               ]
          },
          {
               "fl_x": 0.8645833134651184,
               "fl_y": 0.8645833134651184,
               "cx": 0.5,
               "cy": 0.5,
               "w": 576,
               "h": 576,
               "file_path": "./022.png",
               "transform_matrix": [
                    [
                         0.1343415965655307,
                         -0.05301834244172458,
                         -0.9895157354973979,
                         0.3275487476520856
                    ],
                    [
                         0.9887361894311334,
                         0.07365786305351435,
                         0.13028916654730618,
                         -0.043128221667212085
                    ],
                    [
                         0.06597789888611288,
                         -0.9958732723469998,
                         0.06231646879800011,
                         -0.02062794037727675
                    ],
                    [
                         0.0,
                         0.0,
                         0.0,
                         1.0
                    ]
               ]
          },
          {
               "fl_x": 0.8645833134651184,
               "fl_y": 0.8645833134651184,
               "cx": 0.5,
               "cy": 0.5,
               "w": 576,
               "h": 576,
               "file_path": "./023.png",
               "transform_matrix": [
                    [
                         0.1343415965655307,
                         -0.05301834244172458,
                         -0.9895157354973979,
                         0.3509450867700917
                    ],
                    [
                         0.9887361894311334,
                         0.07365786305351435,
                         0.13028916654730618,
                         -0.046208808929155826
                    ],
                    [
                         0.06597789888611288,
                         -0.9958732723469998,
                         0.06231646879800011,
                         -0.022101364689939382
                    ],
                    [
                         0.0,
                         0.0,
                         0.0,
                         1.0
                    ]
               ]
          },
          {
               "fl_x": 0.8645833134651184,
               "fl_y": 0.8645833134651184,
               "cx": 0.5,
               "cy": 0.5,
               "w": 576,
               "h": 576,
               "file_path": "./024.png",
               "transform_matrix": [
                    [
                         0.1343415965655307,
                         -0.05301834244172458,
                         -0.9895157354973979,
                         0.37434142588809777
                    ],
                    [
                         0.9887361894311334,
                         0.07365786305351435,
                         0.13028916654730618,
                         -0.04928939619109953
                    ],
                    [
                         0.06597789888611288,
                         -0.9958732723469998,
                         0.06231646879800011,
                         -0.023574789002602053
                    ],
                    [
                         0.0,
                         0.0,
                         0.0,
                         1.0
                    ]
               ]
          },
          {
               "fl_x": 0.8645833134651184,
               "fl_y": 0.8645833134651184,
               "cx": 0.5,
               "cy": 0.5,
               "w": 576,
               "h": 576,
               "file_path": "./025.png",
               "transform_matrix": [
                    [
                         0.1343415965655307,
                         -0.05301834244172458,
                         -0.9895157354973979,
                         0.3977377650061039
                    ],
                    [
                         0.9887361894311334,
                         0.07365786305351435,
                         0.13028916654730618,
                         -0.05236998345304326
                    ],
                    [
                         0.06597789888611288,
                         -0.9958732723469998,
                         0.06231646879800011,
                         -0.025048213315264654
                    ],
                    [
                         0.0,
                         0.0,
                         0.0,
                         1.0
                    ]
               ]
          },
          {
               "fl_x": 0.8645833134651184,
               "fl_y": 0.8645833134651184,
               "cx": 0.5,
               "cy": 0.5,
               "w": 576,
               "h": 576,
               "file_path": "./026.png",
               "transform_matrix": [
                    [
                         0.1343415965655307,
                         -0.05301834244172458,
                         -0.9895157354973979,
                         0.42113410412411006
                    ],
                    [
                         0.9887361894311334,
                         0.07365786305351435,
                         0.13028916654730618,
                         -0.055450570714986984
                    ],
                    [
                         0.06597789888611288,
                         -0.9958732723469998,
                         0.06231646879800011,
                         -0.026521637627927287
                    ],
                    [
                         0.0,
                         0.0,
                         0.0,
                         1.0
                    ]
               ]
          },
          {
               "fl_x": 0.8645833134651184,
               "fl_y": 0.8645833134651184,
               "cx": 0.5,
               "cy": 0.5,
               "w": 576,
               "h": 576,
               "file_path": "./027.png",
               "transform_matrix": [
                    [
                         0.1343415965655307,
                         -0.05301834244172458,
                         -0.9895157354973979,
                         0.4445304432421161
                    ],
                    [
                         0.9887361894311334,
                         0.07365786305351435,
                         0.13028916654730618,
                         -0.058531157976930724
                    ],
                    [
                         0.06597789888611288,
                         -0.9958732723469998,
                         0.06231646879800011,
                         -0.02799506194058992
                    ],
                    [
                         0.0,
                         0.0,
                         0.0,
                         1.0
                    ]
               ]
          },
          {
               "fl_x": 0.8645833134651184,
               "fl_y": 0.8645833134651184,
               "cx": 0.5,
               "cy": 0.5,
               "w": 576,
               "h": 576,
               "file_path": "./028.png",
               "transform_matrix": [
                    [
                         0.1343415965655307,
                         -0.05301834244172458,
                         -0.9895157354973979,
                         0.46792678236012214
                    ],
                    [
                         0.9887361894311334,
                         0.07365786305351435,
                         0.13028916654730618,
                         -0.06161174523887445
                    ],
                    [
                         0.06597789888611288,
                         -0.9958732723469998,
                         0.06231646879800011,
                         -0.02946848625325254
                    ],
                    [
                         0.0,
                         0.0,
                         0.0,
                         1.0
                    ]
               ]
          },
          {
               "fl_x": 0.8645833134651184,
               "fl_y": 0.8645833134651184,
               "cx": 0.5,
               "cy": 0.5,
               "w": 576,
               "h": 576,
               "file_path": "./029.png",
               "transform_matrix": [
                    [
                         0.1343415965655307,
                         -0.05301834244172458,
                         -0.9895157354973979,
                         0.4913231214781282
                    ],
                    [
                         0.9887361894311334,
                         0.07365786305351435,
                         0.13028916654730618,
                         -0.06469233250081814
                    ],
                    [
                         0.06597789888611288,
                         -0.9958732723469998,
                         0.06231646879800011,
                         -0.03094191056591515
                    ],
                    [
                         0.0,
                         0.0,
                         0.0,
                         1.0
                    ]
               ]
          },
          {
               "fl_x": 0.8645833134651184,
               "fl_y": 0.8645833134651184,
               "cx": 0.5,
               "cy": 0.5,
               "w": 576,
               "h": 576,
               "file_path": "./030.png",
               "transform_matrix": [
                    [
                         0.1343415965655307,
                         -0.05301834244172458,
                         -0.9895157354973979,
                         0.5147194605961344
                    ],
                    [
                         0.9887361894311334,
                         0.07365786305351435,
                         0.13028916654730618,
                         -0.06777291976276184
                    ],
                    [
                         0.06597789888611288,
                         -0.9958732723469998,
                         0.06231646879800011,
                         -0.032415334878577784
                    ],
                    [
                         0.0,
                         0.0,
                         0.0,
                         1.0
                    ]
               ]
          },
          {
               "fl_x": 0.8645833134651184,
               "fl_y": 0.8645833134651184,
               "cx": 0.5,
               "cy": 0.5,
               "w": 576,
               "h": 576,
               "file_path": "./031.png",
               "transform_matrix": [
                    [
                         0.1343415965655307,
                         -0.05301834244172458,
                         -0.9895157354973979,
                         0.5381157997141406
                    ],
                    [
                         0.9887361894311334,
                         0.07365786305351435,
                         0.13028916654730618,
                         -0.07085350702470564
                    ],
                    [
                         0.06597789888611288,
                         -0.9958732723469998,
                         0.06231646879800011,
                         -0.03388875919124043
                    ],
                    [
                         0.0,
                         0.0,
                         0.0,
                         1.0
                    ]
               ]
          },
          {
               "fl_x": 0.8645833134651184,
               "fl_y": 0.8645833134651184,
               "cx": 0.5,
               "cy": 0.5,
               "w": 576,
               "h": 576,
               "file_path": "./032.png",
               "transform_matrix": [
                    [
                         0.1343415965655307,
                         -0.05301834244172458,
                         -0.9895157354973979,
                         0.5615121388321466
                    ],
                    [
                         0.9887361894311334,
                         0.07365786305351435,
                         0.13028916654730618,
                         -0.07393409428664935
                    ],
                    [
                         0.06597789888611288,
                         -0.9958732723469998,
                         0.06231646879800011,
                         -0.03536218350390299
                    ],
                    [
                         0.0,
                         0.0,
                         0.0,
                         1.0
                    ]
               ]
          },
          {
               "fl_x": 0.8645833134651184,
               "fl_y": 0.8645833134651184,
               "cx": 0.5,
               "cy": 0.5,
               "w": 576,
               "h": 576,
               "file_path": "./033.png",
               "transform_matrix": [
                    [
                         0.1343415965655307,
                         -0.05301834244172458,
                         -0.9895157354973979,
                         0.5849084779501528
                    ],
                    [
                         0.9887361894311334,
                         0.07365786305351435,
                         0.13028916654730618,
                         -0.07701468154859308
                    ],
                    [
                         0.06597789888611288,
                         -0.9958732723469998,
                         0.06231646879800011,
                         -0.036835607816565634
                    ],
                    [
                         0.0,
                         0.0,
                         0.0,
                         1.0
                    ]
               ]
          },
          {
               "fl_x": 0.8645833134651184,
               "fl_y": 0.8645833134651184,
               "cx": 0.5,
               "cy": 0.5,
               "w": 576,
               "h": 576,
               "file_path": "./034.png",
               "transform_matrix": [
                    [
                         0.1343415965655307,
                         -0.05301834244172458,
                         -0.9895157354973979,
                         0.6083048170681589
                    ],
                    [
                         0.9887361894311334,
                         0.07365786305351435,
                         0.13028916654730618,
                         -0.08009526881053682
                    ],
                    [
                         0.06597789888611288,
                         -0.9958732723469998,
                         0.06231646879800011,
                         -0.03830903212922834
                    ],
                    [
