{
     "orientation_override": "none",
     "frames": [
          {
               "fl_x": 0.8645833134651184,
               "fl_y": 0.8645833134651184,
               "cx": 0.5,
               "cy": 0.5,
               "w": 576,
               "h": 576,
               "file_path": "./000.png",
               "transform_matrix": [
                    [
                         0.13434162428529672,
                         -0.05301830950702152,
                         -0.9895157334986674,
                         0.0
                    ],
                    [
                         0.9887361859713323,
                         0.07365785425028605,
                         0.13028919643170753,
                         0.0
                    ],
                    [
                         0.06597789715447035,
                         -0.9958732074833111,
                         0.06231644108458772,
                         0.0
                    ],
                    [
                         0.0,
                         0.0,
                         0.0,
                         1.0
                    ]
               ]
          },
          {
               "fl_x": 0.8645833134651184,
               "fl_y": 0.8645833134651184,
               "cx": 0.5,
               "cy": 0.5,
               "w": 576,
               "h": 576,
               "file_path": "./001.png",
               "transform_matrix": [
                    [
                         0.7946871586253704,
                         -0.053018313058749274,
                         -0.6046994116057498,
                         0.0
                    ],
                    [
                         0.6070136874780191,
                         0.07365785918466906,
                         0.7912704360676376,
                         0.0
                    ],
                    [
                         0.002589040415541755,
                         -0.9958732741974433,
                         0.09071779653954765,
                         0.0
                    ],
                    [
                         0.0,
                         0.0,
                         0.0,
                         1.0
                    ]
               ]
          },
          {
               "fl_x": 0.8645833134651184,
               "fl_y": 0.8645833134651184,
               "cx": 0.5,
               "cy": 0.5,
               "w": 576,
               "h": 576,
               "file_path": "./002.png",
               "transform_matrix": [
                    [
                         0.9895157334986674,
                         -0.05301830950702152,
                         0.13434162428529672,
                         0.0
                    ],
                    [
                         -0.13028919643170753,
                         0.07365785425028605,
                         0.9887361859713323,
                         0.0
                    ],
                    [
                         -0.06231644108458772,
                         -0.9958732074833111,
                         0.06597789715447035,
                         0.0
                    ],
                    [
                         0.0,
                         0.0,
                         0.0,
                         1.0
                    ]
               ]
          },
          {
               "fl_x": 0.8645833134651184,
               "fl_y": 0.8645833134651184,
               "cx": 0.5,
               "cy": 0.5,
               "w": 576,
               "h": 576,
               "file_path": "./003.png",
               "transform_matrix": [
                    [
                         0.6046994116057498,
                         -0.053018313058749274,
                         0.7946871586253704,
                         0.0
                    ],
                    [
                         -0.7912704360676376,
                         0.07365785918466906,
                         0.6070136874780191,
                         0.0
                    ],
                    [
                         -0.09071779653954765,
                         -0.9958732741974433,
                         0.002589040415541755,
                         0.0
                    ],
                    [
                         0.0,
                         0.0,
                         0.0,
                         1.0
                    ]
               ]
          },
          {
               "fl_x": 0.8645833134651184,
               "fl_y": 0.8645833134651184,
               "cx": 0.5,
               "cy": 0.5,
               "w": 576,
               "h": 576,
               "file_path": "./004.png",
               "transform_matrix": [
                    [
                         -0.13434162428529672,
                         -0.05301830950702152,
                         0.9895157334986674,
                         0.0
                    ],
                    [
                         -0.9887361859713323,
                         0.07365785425028605,
                         -0.13028919643170753,
                         0.0
                    ],
                    [
                         -0.06597789715447035,
                         -0.9958732074833111,
                         -0.06231644108458772,
                         0.0
                    ],
                    [
                         0.0,
                         0.0,
                         0.0,
                         1.0
                    ]
               ]
          },
          {
               "fl_x": 0.8645833134651184,
               "fl_y": 0.8645833134651184,
               "cx": 0.5,
               "cy": 0.5,
               "w": 576,
               "h": 576,
               "file_path": "./005.png",
               "transform_matrix": [
                    [
                         -0.7946871586253704,
                         -0.053018313058749274,
                         0.6046994116057498,
                         0.0
                    ],
                    [
                         -0.6070136874780191,
                         0.07365785918466906,
                         -0.7912704360676376,
                         0.0
                    ],
                    [
                         -0.002589040415541755,
                         -0.9958732741974433,
                         -0.09071779653954765,
                         0.0
                    ],
                    [
                         0.0,
                         0.0,
                         0.0,
                         1.0
                    ]
               ]
          },
          {
               "fl_x": 0.8645833134651184,
               "fl_y": 0.8645833134651184,
               "cx": 0.5,
               "cy": 0.5,
               "w": 576,
               "h": 576,
               "file_path": "./006.png",
               "transform_matrix": [
                    [
                         -0.9895157334986674,
                         -0.05301830950702152,
                         -0.13434162428529672,
                         0.0
                    ],
                    [
                         0.13028919643170753,
                         0.07365785425028605,
                         -0.9887361859713323,
                         0.0
                    ],
                    [
                         0.06231644108458772,
                         -0.9958732074833111,
                         -0.06597789715447035,
                         0.0
                    ],
                    [
                         0.0,
                         0.0,
                         0.0,
                         1.0
                    ]
               ]
          },
          {
               "fl_x": 0.8645833134651184,
               "fl_y": 0.8645833134651184,
               "cx": 0.5,
               "cy": 0.5,
               "w": 576,
               "h": 576,
               "file_path": "./007.png",
               "transform_matrix": [
                    [
                         -0.6046994116057498,
                         -0.053018313058749274,
                         -0.7946871586253704,
                         0.0
                    ],
                    [
                         0.7912704360676376,
                         0.07365785918466906,
                         -0.6070136874780191,
                         0.0
                    ],
                    [
                         0.09071779653954765,
                         -0.9958732741974433,
                         -0.002589040415541755,
                         0.0
                    ],
                    [
                         0.0,
                         0.0,
                         0.0,
                         1.0
                    ]
               ]
          },
          {
               "fl_x": 0.8645833134651184,
               "fl_y": 0.8645833134651184,
               "cx": 0.5,
               "cy": 0.5,
               "w": 576,
               "h": 576,
               "file_path": "./008.png",
               "transform_matrix": [
                    [
                         0.13434159656553005,
                         -0.05301834244172457,
                         -0.9895157354973979,
                         -1.7228036720198984e-18
                    ],
                    [
                         0.9887361894311334,
                         0.07365786305351438,
                         0.13028916654730566,
                         7.833616947802902e-17
                    ],
                    [
                         0.06597789888611287,
                         -0.9958732723470001,
                         0.06231646879800008,
                         6.770548405636627e-17
                    ],
                    [
                         0.0,
                         0.0,
                         0.0,
                         1.0
                    ]
               ]
          },
          {
               "fl_x": 0.8645833134651184,
               "fl_y": 0.8645833134651184,
               "cx": 0.5,
               "cy": 0.5,
               "w": 576,
               "h": 576,
               "file_path": "./009.png",
               "transform_matrix": [
                    [
                         0.13434159656553032,
                         -0.03171918271595071,
                         -0.9904272961101469,
                         0.01957722423736008
                    ],
                    [
                         0.9887361894311336,
                         0.07083798033922524,
                         0.13184357493128526,
                         -0.002161617873185265
                    ],
                    [
                         0.06597789888611291,
                         -0.9969833870177035,
                         0.0408783912266883,
                         -0.007468648589119663
                    ],
                    [
                         0.0,
                         0.0,
                         0.0,
                         1.0
                    ]
               ]
          },
          {
               "fl_x": 0.8645833134651184,
               "fl_y": 0.8645833134651184,
               "cx": 0.5,
               "cy": 0.5,
               "w": 576,
               "h": 576,
               "file_path": "./010.png",
               "transform_matrix": [
                    [
                         0.13434159656553027,
                         -0.010405342137630573,
                         -0.9908804490387442,
                         0.03915444847472016
                    ],
                    [
                         0.9887361894311335,
                         0.0679853110946729,
                         0.1333369610594242,
                         -0.0043232357463706015
                    ],
                    [
                         0.06597789888611302,
                         -0.9976320595942975,
                         0.01942139357035067,
                         -0.014937297178239406
                    ],
                    [
                         0.0,
                         0.0,
                         0.0,
                         1.0
                    ]
               ]
          },
          {
               "fl_x": 0.8645833134651184,
               "fl_y": 0.8645833134651184,
               "cx": 0.5,
               "cy": 0.5,
               "w": 576,
               "h": 576,
               "file_path": "./011.png",
               "transform_matrix": [
                    [
                         0.13434159656553016,
                         0.010913314431535951,
                         -0.9908749845466595,
                         0.05873167271208021
                    ],
                    [
                         0.9887361894311335,
                         0.06510117564443593,
                         0.13476863373542863,
                         -0.006484853619555935
                    ],
                    [
                         0.06597789888611298,
                         -0.9978189898462702,
                         -0.002044593050734111,
                         -0.022405945767359124
                    ],
                    [
                         0.0,
                         0.0,
                         0.0,
                         1.0
                    ]
               ]
          },
          {
               "fl_x": 0.8645833134651184,
               "fl_y": 0.8645833134651184,
               "cx": 0.5,
               "cy": 0.5,
               "w": 576,
               "h": 576,
               "file_path": "./012.png",
               "transform_matrix": [
                    [
                         0.1343415965655303,
                         0.03222691990082401,
                         -0.9904109051630692,
                         0.07830889694944028
                    ],
                    [
                         0.9887361894311332,
                         0.06218690887685731,
                         0.13613793032635416,
                         -0.008646471492741255
                    ],
                    [
                         0.06597789888611291,
                         -0.9975440912551421,
                         -0.023509633355850972,
                         -0.029874594356478837
                    ],
                    [
                         0.0,
                         0.0,
                         0.0,
                         1.0
                    ]
               ]
          },
          {
               "fl_x": 0.8645833134651184,
               "fl_y": 0.8645833134651184,
               "cx": 0.5,
               "cy": 0.5,
               "w": 576,
               "h": 576,
               "file_path": "./013.png",
               "transform_matrix": [
                    [
                         0.13434159656553013,
                         0.05352560951735155,
                         -0.9894884256816854,
                         0.09788612118680041
                    ],
                    [
                         0.9887361894311335,
                         0.05924385962620836,
                         0.1374442170692966,
                         -0.01080808936592659
                    ],
                    [
                         0.06597789888611284,
                         -0.9968074910545096,
                         -0.044963792502275925,
                         -0.0373432429455986
                    ],
                    [
                         0.0,
                         0.0,
                         0.0,
                         1.0
                    ]
               ]
          },
          {
               "fl_x": 0.8645833134651184,
               "fl_y": 0.8645833134651184,
               "cx": 0.5,
               "cy": 0.5,
               "w": 576,
               "h": 576,
               "file_path": "./014.png",
               "transform_matrix": [
                    [
                         0.13434159656553032,
                         0.07479952543186345,
                         -0.9881079730613412,
                         0.11746334542416047
                    ],
                    [
                         0.9887361894311334,
                         0.05627339004839545,
                         0.13868688936472334,
                         -0.012969707239111963
                    ],
                    [
                         0.06597789888611286,
                         -0.9956095301711556,
                         -0.06639714068350157,
                         -0.04481189153471832
                    ],
                    [
                         0.0,
                         0.0,
                         0.0,
                         1.0
                    ]
               ]
          },
          {
               "fl_x": 0.8645833134651184,
               "fl_y": 0.8645833134651184,
               "cx": 0.5,
               "cy": 0.5,
               "w": 576,
               "h": 576,
               "file_path": "./015.png",
               "transform_matrix": [
                    [
                         0.13434159656552988,
                         0.09603882126132438,
                         -0.9862701862283784,
                         0.1370405696615206
                    ],
                    [
                         0.9887361894311336,
                         0.05327687499050244,
                         0.13986537205630306,
                         -0.015131325112297306
                    ],
                    [
                         0.06597789888611261,
                         -0.9939507630672567,
                         -0.08779975772513325,
                         -0.05228054012383805
                    ],
                    [
                         0.0,
                         0.0,
                         0.0,
                         1.0
                    ]
               ]
          },
          {
               "fl_x": 0.8645833134651184,
               "fl_y": 0.8645833134651184,
               "cx": 0.5,
               "cy": 0.5,
               "w": 576,
               "h": 576,
               "file_path": "./016.png",
               "transform_matrix": [
                    [
                         0.13434159656553013,
                         0.11723366664619743,
                         -0.9839759157809264,
                         0.15661779389888067
                    ],
                    [
                         0.9887361894311334,
                         0.05025570135445965,
                         0.1409791196971139,
                         -0.017292942985482614
                    ],
                    [
                         0.06597789888611301,
                         -0.9918319574837562,
                         -0.10916173767632249,
                         -0.05974918871295777
                    ],
                    [
                         0.0,
                         0.0,
                         0.0,
                         1.0
                    ]
               ]
          },
          {
               "fl_x": 0.8645833134651184,
               "fl_y": 0.8645833134651184,
               "cx": 0.5,
               "cy": 0.5,
               "w": 576,
               "h": 576,
               "file_path": "./017.png",
               "transform_matrix": [
                    [
                         0.1343415965655305,
                         0.1383742518003169,
                         -0.9812262235952152,
                         0.17619501813624075
                    ],
                    [
                         0.9887361894311335,
                         0.047211267455130226,
                         0.14202761680209264,
                         -0.019454560858668007
                    ],
                    [
                         0.06597789888611268,
                         -0.9892540940850246,
                         -0.13047319339462482,
                         -0.0672178373020775
                    ],
                    [
                         0.0,
                         0.0,
                         0.0,
                         1.0
                    ]
               ]
          },
          {
               "fl_x": 0.8645833134651184,
               "fl_y": 0.8645833134651184,
               "cx": 0.5,
               "cy": 0.5,
               "w": 576,
               "h": 576,
               "file_path": "./018.png",
               "transform_matrix": [
                    [
                         0.1343415965655301,
                         0.15945079205122845,
                         -0.978022382334096,
                         0.19577224237360072
                    ],
                    [
                         0.9887361894311333,
                         0.04414498237311983,
                         0.14301037808662256,
                         -0.021616178731853303
                    ],
                    [
                         0.0659778988861129,
                         -0.98621836600497,
                         -0.15172426112214563,
                         -0.07468648589119717
                    ],
                    [
                         0.0,
                         0.0,
                         0.0,
                         1.0
                    ]
               ]
          },
          {
               "fl_x": 0.8645833134651184,
               "fl_y": 0.8645833134651184,
               "cx": 0.5,
               "cy": 0.5,
               "w": 576,
               "h": 576,
               "file_path": "./019.png",
               "transform_matrix": [
                    [
                         0.1343415965655305,
                         0.1804535323689119,
                         -0.9743658748580055,
                         0.21534946661096097
                    ],
                    [
                         0.9887361894311334,
                         0.041058265302596646,
                         0.1439269486911451,
                         -0.023777796605038665
                    ],
                    [
                         0.06597789888611286,
                         -0.9827261782948105,
                         -0.1729051050508636,
                         -0.082155134480317
                    ],
                    [
                         0.0,
                         0.0,
                         0.0,
                         1.0
                    ]
               ]
          },
          {
               "fl_x": 0.8645833134651184,
               "fl_y": 0.8645833134651184,
               "cx": 0.5,
               "cy": 0.5,
               "w": 576,
               "h": 576,
               "file_path": "./020.png",
               "transform_matrix": [
                    [
                         0.1343415965655303,
                         0.20137275188078177,
                         -0.9702583935386416,
                         0.2349266908483211
                    ],
                    [
                         0.9887361894311334,
                         0.037952544894437015,
                         0.1447769043916799,
                         -0.025939414478224027
                    ],
                    [
                         0.06597789888611313,
                         -0.9787791472727627,
                         -0.19400592187502166,
                         -0.08962378306943676
                    ],
                    [
                         0.0,
                         0.0,
                         0.0,
                         1.0
                    ]
               ]
          },
          {
               "fl_x": 0.8645833134651184,
               "fl_y": 0.8645833134651184,
               "cx": 0.5,
               "cy": 0.5,
               "w": 576,
               "h": 576,
               "file_path": "./021.png",
               "transform_matrix": [
                    [
                         0.1343415965655303,
                         0.22219876837088257,
                         -0.9657018394756672,
                         0.254503915085681
                    ],
                    [
                         0.9887361894311334,
                         0.03482925859498832,
                         0.14555985179617784,
                         -0.02810103235140933
                    ],
                    [
                         0.06597789888611283,
                         -0.9743790997759476,
                         -0.21501694532847307,
                         -0.09709243165855641
                    ],
                    [
                         0.0,
                         0.0,
                         0.0,
                         1.0
                    ]
               ]
          },
          {
               "fl_x": 0.8645833134651184,
               "fl_y": 0.8645833134651184,
               "cx": 0.5,
               "cy": 0.5,
               "w": 576,
               "h": 576,
               "file_path": "./022.png",
               "transform_matrix": [
                    [
                         0.13434159656553032,
                         0.24292194276118417,
                         -0.9606983216168106,
                         0.2740811393230412
                    ],
                    [
                         0.9887361894311336,
                         0.03168985198076644,
                         0.1462754285265949,
                         -0.030262650224594723
                    ],
                    [
                         0.0659778988861125,
                         -0.9695280723148606,
                         -0.23592845070487958,
                         -0.1045610802476762
                    ],
                    [
                         0.0,
                         0.0,
                         0.0,
                         1.0
                    ]
               ]
          },
          {
               "fl_x": 0.8645833134651184,
               "fl_y": 0.8645833134651184,
               "cx": 0.5,
               "cy": 0.5,
               "w": 576,
               "h": 576,
               "file_path": "./023.png",
               "transform_matrix": [
                    [
                         0.1343415965655303,
                         0.2635326835729198,
                         -0.9552501557817618,
                         0.29365836356040137
                    ],
                    [
                         0.9887361894311336,
                         0.028535778089386322,
                         0.14692330338661433,
                         -0.03242426809778003
                    ],
                    [
                         0.0659778988861127,
                         -0.9642283101307951,
                         -0.25673075935868145,
                         -0.11202972883679595
                    ],
                    [
                         0.0,
                         0.0,
                         0.0,
                         1.0
                    ]
               ]
          },
          {
               "fl_x": 0.8645833134651184,
               "fl_y": 0.8645833134651184,
               "cx": 0.5,
               "cy": 0.5,
               "w": 576,
               "h": 576,
               "file_path": "./024.png",
               "transform_matrix": [
                    [
                         0.13434159656553019,
                         0.28402145136588874,
                         -0.9493598635903238,
                         0.313235587797761
                    ],
                    [
                         0.9887361894311332,
                         0.02536849674703963,
                         0.14750317651493894,
                         -0.03458588597096523
                    ],
                    [
                         0.06597789888611327,
                         -0.9584822661566612,
                         -0.27741424318474434,
                         -0.1194983774259156
                    ],
                    [
                         0.0,
                         0.0,
                         0.0,
                         1.0
                    ]
               ]
          },
          {
               "fl_x": 0.8645833134651184,
               "fl_y": 0.8645833134651184,
               "cx": 0.5,
               "cy": 0.5,
               "w": 576,
               "h": 576,
               "file_path": "./025.png",
               "transform_matrix": [
                    [
                         0.13434159656553016,
                         0.30437876315367685,
                         -0.9430301712953103,
                         0.33281281203512136
                    ],
                    [
                         0.9887361894311334,
                         0.022189473892831876,
                         0.14801477952407696,
                         -0.036747503844150674
                    ],
                    [
                         0.06597789888611279,
                         -0.9522925998816735,
                         -0.29796932907461565,
                         -0.12696702601503537
                    ],
                    [
                         0.0,
                         0.0,
                         0.0,
                         1.0
                    ]
               ]
          },
          {
               "fl_x": 0.8645833134651184,
               "fl_y": 0.8645833134651184,
               "cx": 0.5,
               "cy": 0.5,
               "w": 576,
               "h": 576,
               "file_path": "./026.png",
               "transform_matrix": [
                    [
                         0.1343415965655301,
                         0.3245951967927396,
                         -0.9362640085207306,
                         0.3523900362724813
                    ],
                    [
                         0.9887361894311334,
                         0.019000180900291725,
                         0.1484578756245621,
                         -0.038909121717335945
                    ],
                    [
                         0.06597789888611308,
                         -0.9456621761204359,
                         -0.3183865033473233,
                         -0.13443567460415504
                    ],
                    [
                         0.0,
                         0.0,
                         0.0,
                         1.0
                    ]
               ]
          },
          {
               "fl_x": 0.8645833134651184,
               "fl_y": 0.8645833134651184,
               "cx": 0.5,
               "cy": 0.5,
               "w": 576,
               "h": 576,
               "file_path": "./027.png",
               "transform_matrix": [
                    [
                         0.13434159656553035,
                         0.34466139534333845,
                         -0.9290645069058484,
                         0.3719672605098416
                    ],
                    [
                         0.9887361894311335,
                         0.015802093896359167,
                         0.1488322597345496,
                         -0.04107073959052128
                    ],
                    [
                         0.06597789888611304,
                         -0.9385940636869985,
                         -0.33865631615267455,
                         -0.1419043231932748
                    ],
                    [
                         0.0,
                         0.0,
                         0.0,
                         1.0
                    ]
               ]
          },
          {
               "fl_x": 0.8645833134651184,
               "fl_y": 0.8645833134651184,
               "cx": 0.5,
               "cy": 0.5,
               "w": 576,
               "h": 576,
               "file_path": "./028.png",
               "transform_matrix": [
                    [
                         0.1343415965655306,
                         0.3645680714002861,
                         -0.9214349986557383,
                         0.39154448474720166
                    ],
                    [
                         0.9887361894311336,
                         0.012596693078180812,
                         0.14913775857473538,
                         -0.04323235746370671
                    ],
                    [
                         0.06597789888611297,
                         -0.9310915339744907,
                         -0.3587693858450073,
                         -0.14937297178239461
                    ],
                    [
                         0.0,
                         0.0,
                         0.0,
                         1.0
                    ]
               ]
          },
          {
               "fl_x": 0.8645833134651184,
               "fl_y": 0.8645833134651184,
               "cx": 0.5,
               "cy": 0.5,
               "w": 576,
               "h": 576,
               "file_path": "./029.png",
               "transform_matrix": [
                    [
                         0.13434159656553032,
                         0.38430601139151394,
                         -0.913379014999014,
                         0.41112170898456124
                    ],
                    [
                         0.9887361894311332,
                         0.00938546202801625,
                         0.1493742307485547,
                         -0.045393975336891906
                    ],
                    [
                         0.06597789888611306,
                         -0.923158059440996,
                         -0.3787164033253746,
                         -0.15684162037151425
                    ],
                    [
                         0.0,
                         0.0,
                         0.0,
                         1.0
                    ]
               ]
          },
          {
               "fl_x": 0.8645833134651184,
               "fl_y": 0.8645833134651184,
               "cx": 0.5,
               "cy": 0.5,
               "w": 576,
               "h": 576,
               "file_path": "./030.png",
               "transform_matrix": [
                    [
                         0.13434159656553016,
                         0.4038660798424695,
                         -0.904900284553442,
                         0.4306989332219215
                    ],
                    [
                         0.9887361894311334,
                         0.006169887026579469,
                         0.14954156680763056,
                         -0.04755559321007727
                    ],
                    [
                         0.06597789888611295,
                         -0.9147973120023665,
                         -0.3984881363501538,
                         -0.16431026896063394
                    ],
                    [
                         0.0,
                         0.0,
                         0.0,
                         1.0
                    ]
               ]
          },
          {
               "fl_x": 0.8645833134651184,
               "fl_y": 0.8645833134651184,
               "cx": 0.5,
               "cy": 0.5,
               "w": 576,
               "h": 576,
               "file_path": "./031.png",
               "transform_matrix": [
                    [
                         0.13434159656553032,
                         0.4232392236043591,
                         -0.8960027316001906,
                         0.4502761574592818
                    ],
                    [
                         0.9887361894311334,
                         0.002951456365131344,
                         0.14963968930242585,
                         -0.04971721108326262
                    ],
                    [
                         0.06597789888611277,
                         -0.906013161332717,
                         -0.41807543380408024,
                         -0.17177891754975386
                    ],
                    [
                         0.0,
                         0.0,
                         0.0,
                         1.0
                    ]
               ]
          },
          {
               "fl_x": 0.8645833134651184,
               "fl_y": 0.8645833134651184,
               "cx": 0.5,
               "cy": 0.5,
               "w": 576,
               "h": 576,
               "file_path": "./032.png",
               "transform_matrix": [
                    [
                         0.13434159656553066,
                         0.4424164760442948,
                         -0.8866904742675275,
                         0.4698533816966422
                    ],
                    [
                         0.9887361894311338,
                         -0.0002683403433577176,
                         0.1496685528180924,
                         -0.05187882895644818
                    ],
                    [
                         0.06597789888611255,
                         -0.8968096730733945,
                         -0.4374692299357357,
                         -0.17924756613887355
                    ],
                    [
                         0.0,
                         0.0,
                         0.0,
                         1.0
                    ]
               ]
          },
          {
               "fl_x": 0.8645833134651184,
               "fl_y": 0.8645833134651184,
               "cx": 0.5,
               "cy": 0.5,
               "w": 576,
               "h": 576,
               "file_path": "./033.png",
               "transform_matrix": [
                    [
                         0.13434159656553007,
                         0.4613889611953929,
                         -0.8769678226247872,
                         0.4894306059340018
                    ],
                    [
                         0.9887361894311333,
                         -0.0034880128536581892,
                         0.14962814399548782,
                         -0.05404044682963315
                    ],
                    [
                         0.0659778988861132,
                         -0.8871911069512411,
                         -0.4566605485535238,
                         -0.18671621472799318
                    ],
                    [
                         0.0,
                         0.0,
                         0.0,
                         1.0
                    ]
               ]
          },
          {
               "fl_x": 0.8645833134651184,
               "fl_y": 0.8645833134651184,
               "cx": 0.5,
               "cy": 0.5,
               "w": 576,
               "h": 576,
               "file_path": "./034.png",
               "transform_matrix": [
                    [
                         0.1343415965655303,
                         0.48014789786491746,
                         -0.8668392766875097,
                         0.5090078301713623
                    ],
                    [
                         0.9887361894311335,
                         -0.00670607097802671,
                         0.1495184815373655,
                         -0.056202064702818785
                    ],
                    [
                         0.06597789888611261,
                         -0.8771619148070319,
                         -0.47564050718019735,
                         -0.19418486331711296
                    ],
                    [
