{
     "orientation_override": "none",
     "frames": [
          {
               "fl_x": 0.8645833134651184,
               "fl_y": 0.8645833134651184,
               "cx": 0.5,
               "cy": 0.5,
               "w": 576,
               "h": 576,
               "file_path": "./000.png",
               "transform_matrix": [
                    [
                         0.13434162428529672,
                         -0.05301830950702152,
                         -0.9895157334986674,
                         0.0
                    ],
                    [
                         0.9887361859713323,
                         0.07365785425028605,
                         0.13028919643170753,
                         0.0
                    ],
                    [
                         0.06597789715447035,
                         -0.9958732074833111,
                         0.06231644108458772,
                         0.0
                    ],
                    [
                         0.0,
                         0.0,
                         0.0,
                         1.0
                    ]
               ]
          },
          {
               "fl_x": 0.8645833134651184,
               "fl_y": 0.8645833134651184,
               "cx": 0.5,
               "cy": 0.5,
               "w": 576,
               "h": 576,
               "file_path": "./001.png",
               "transform_matrix": [
                    [
                         0.7946871586253704,
                         -0.053018313058749274,
                         -0.6046994116057498,
                         0.0
                    ],
                    [
                         0.6070136874780191,
                         0.07365785918466906,
                         0.7912704360676376,
                         0.0
                    ],
                    [
                         0.002589040415541755,
                         -0.9958732741974433,
                         0.09071779653954765,
                         0.0
                    ],
                    [
                         0.0,
                         0.0,
                         0.0,
                         1.0
                    ]
               ]
          },
          {
               "fl_x": 0.8645833134651184,
               "fl_y": 0.8645833134651184,
               "cx": 0.5,
               "cy": 0.5,
               "w": 576,
               "h": 576,
               "file_path": "./002.png",
               "transform_matrix": [
                    [
                         0.9895157334986674,
                         -0.05301830950702152,
                         0.13434162428529672,
                         0.0
                    ],
                    [
                         -0.13028919643170753,
                         0.07365785425028605,
                         0.9887361859713323,
                         0.0
                    ],
                    [
                         -0.06231644108458772,
                         -0.9958732074833111,
                         0.06597789715447035,
                         0.0
                    ],
                    [
                         0.0,
                         0.0,
                         0.0,
                         1.0
                    ]
               ]
          },
          {
               "fl_x": 0.8645833134651184,
               "fl_y": 0.8645833134651184,
               "cx": 0.5,
               "cy": 0.5,
               "w": 576,
               "h": 576,
               "file_path": "./003.png",
               "transform_matrix": [
                    [
                         0.6046994116057498,
                         -0.053018313058749274,
                         0.7946871586253704,
                         0.0
                    ],
                    [
                         -0.7912704360676376,
                         0.07365785918466906,
                         0.6070136874780191,
                         0.0
                    ],
                    [
                         -0.09071779653954765,
                         -0.9958732741974433,
                         0.002589040415541755,
                         0.0
                    ],
                    [
                         0.0,
                         0.0,
                         0.0,
                         1.0
                    ]
               ]
          },
          {
               "fl_x": 0.8645833134651184,
               "fl_y": 0.8645833134651184,
               "cx": 0.5,
               "cy": 0.5,
               "w": 576,
               "h": 576,
               "file_path": "./004.png",
               "transform_matrix": [
                    [
                         -0.13434162428529672,
                         -0.05301830950702152,
                         0.9895157334986674,
                         0.0
                    ],
                    [
                         -0.9887361859713323,
                         0.07365785425028605,
                         -0.13028919643170753,
                         0.0
                    ],
                    [
                         -0.06597789715447035,
                         -0.9958732074833111,
                         -0.06231644108458772,
                         0.0
                    ],
                    [
                         0.0,
                         0.0,
                         0.0,
                         1.0
                    ]
               ]
          },
          {
               "fl_x": 0.8645833134651184,
               "fl_y": 0.8645833134651184,
               "cx": 0.5,
               "cy": 0.5,
               "w": 576,
               "h": 576,
               "file_path": "./005.png",
               "transform_matrix": [
                    [
                         -0.7946871586253704,
                         -0.053018313058749274,
                         0.6046994116057498,
                         0.0
                    ],
                    [
                         -0.6070136874780191,
                         0.07365785918466906,
                         -0.7912704360676376,
                         0.0
                    ],
                    [
                         -0.002589040415541755,
                         -0.9958732741974433,
                         -0.09071779653954765,
                         0.0
                    ],
                    [
                         0.0,
                         0.0,
                         0.0,
                         1.0
                    ]
               ]
          },
          {
               "fl_x": 0.8645833134651184,
               "fl_y": 0.8645833134651184,
               "cx": 0.5,
               "cy": 0.5,
               "w": 576,
               "h": 576,
               "file_path": "./006.png",
               "transform_matrix": [
                    [
                         -0.9895157334986674,
                         -0.05301830950702152,
                         -0.13434162428529672,
                         0.0
                    ],
                    [
                         0.13028919643170753,
                         0.07365785425028605,
                         -0.9887361859713323,
                         0.0
                    ],
                    [
                         0.06231644108458772,
                         -0.9958732074833111,
                         -0.06597789715447035,
                         0.0
                    ],
                    [
                         0.0,
                         0.0,
                         0.0,
                         1.0
                    ]
               ]
          },
          {
               "fl_x": 0.8645833134651184,
               "fl_y": 0.8645833134651184,
               "cx": 0.5,
               "cy": 0.5,
               "w": 576,
               "h": 576,
               "file_path": "./007.png",
               "transform_matrix": [
                    [
                         -0.6046994116057498,
                         -0.053018313058749274,
                         -0.7946871586253704,
                         0.0
                    ],
                    [
                         0.7912704360676376,
                         0.07365785918466906,
                         -0.6070136874780191,
                         0.0
                    ],
                    [
                         0.09071779653954765,
                         -0.9958732741974433,
                         -0.002589040415541755,
                         0.0
                    ],
                    [
                         0.0,
                         0.0,
                         0.0,
                         1.0
                    ]
               ]
          },
          {
               "fl_x": 0.8645833134651184,
               "fl_y": 0.8645833134651184,
               "cx": 0.5,
               "cy": 0.5,
               "w": 576,
               "h": 576,
               "file_path": "./008.png",
               "transform_matrix": [
                    [
                         0.134341596565531,
                         -0.053018342441724674,
                         -0.9895157354973981,
                         2.2265694640047324e-15
                    ],
                    [
                         0.9887361894311336,
                         0.07365786305351453,
                         0.13028916654730668,
                         -2.880117376117924e-17
                    ],
                    [
                         0.06597789888611279,
                         -0.9958732723470001,
                         0.06231646879800028,
                         -5.884864398823658e-17
                    ],
                    [
                         0.0,
                         0.0,
                         0.0,
                         1.0
                    ]
               ]
          },
          {
               "fl_x": 0.8645833134651184,
               "fl_y": 0.8645833134651184,
               "cx": 0.5,
               "cy": 0.5,
               "w": 576,
               "h": 576,
               "file_path": "./009.png",
               "transform_matrix": [
                    [
                         0.08313360428497549,
                         -0.05301834086122346,
                         -0.9951270568982197,
                         0.026565011278242154
                    ],
                    [
                         0.994139564578055,
                         0.07365786292667742,
                         0.07912676771883578,
                         -0.003958297593986564
                    ],
                    [
                         0.06910376240947276,
                         -0.9958732724405241,
                         0.0588310739274511,
                         -0.001707036281817945
                    ],
                    [
                         0.0,
                         0.0,
                         0.0,
                         1.0
                    ]
               ]
          },
          {
               "fl_x": 0.8645833134651184,
               "fl_y": 0.8645833134651184,
               "cx": 0.5,
               "cy": 0.5,
               "w": 576,
               "h": 576,
               "file_path": "./010.png",
               "transform_matrix": [
                    [
                         0.033201164571576874,
                         -0.053018339289998245,
                         -0.9980414512283652,
                         0.0531144376396891
                    ],
                    [
                         0.9968545665870491,
                         0.0736578628798299,
                         0.029248800155261198,
                         -0.007913178033588032
                    ],
                    [
                         0.07196287755250869,
                         -0.9958732725276376,
                         0.055297100461559966,
                         -0.0034129901103740075
                    ],
                    [
                         0.0,
                         0.0,
                         0.0,
                         1.0
                    ]
               ]
          },
          {
               "fl_x": 0.8645833134651184,
               "fl_y": 0.8645833134651184,
               "cx": 0.5,
               "cy": 0.5,
               "w": 576,
               "h": 576,
               "file_path": "./011.png",
               "transform_matrix": [
                    [
                         -0.015368817577333148,
                         -0.053018337732775506,
                         -0.9984752652471306,
                         0.0796326941675502
                    ],
                    [
                         0.9970975970890881,
                         0.07365786290865481,
                         -0.019258793079932425,
                         -0.011861224164419473
                    ],
                    [
                         0.0745666234010936,
                         -0.9958732726084092,
                         0.05173242289682877,
                         -0.005116779032406393
                    ],
                    [
                         0.0,
                         0.0,
                         0.0,
                         1.0
                    ]
               ]
          },
          {
               "fl_x": 0.8645833134651184,
               "fl_y": 0.8645833134651184,
               "cx": 0.5,
               "cy": 0.5,
               "w": 576,
               "h": 576,
               "file_path": "./012.png",
               "transform_matrix": [
                    [
                         -0.06251093525883744,
                         -0.05301833619374203,
                         -0.9966350580831043,
                         0.10610419594503238
                    ],
                    [
                         0.9950751988077123,
                         0.07365786300880492,
                         -0.066331500320496,
                         -0.01579901883209585
                    ],
                    [
                         0.07692679436228504,
                         -0.995873272682937,
                         0.048152809522594306,
                         -0.006817320594653267
                    ],
                    [
                         0.0,
                         0.0,
                         0.0,
                         1.0
                    ]
               ]
          },
          {
               "fl_x": 0.8645833134651184,
               "fl_y": 0.8645833134651184,
               "cx": 0.5,
               "cy": 0.5,
               "w": 576,
               "h": 576,
               "file_path": "./013.png",
               "transform_matrix": [
                    [
                         -0.10817886709856676,
                         -0.053018334676593434,
                         -0.9927166710101083,
                         0.13251335805534278
                    ],
                    [
                         0.9909831360105511,
                         0.07365786317594747,
                         -0.1119238282719439,
                         -0.019723144882232122
                    ],
                    [
                         0.07905540371135186,
                         -0.9958732727513451,
                         0.044572051372592444,
                         -0.00851353234385281
                    ],
                    [
                         0.0,
                         0.0,
                         0.0,
                         1.0
                    ]
               ]
          },
          {
               "fl_x": 0.8645833134651184,
               "fl_y": 0.8645833134651184,
               "cx": 0.5,
               "cy": 0.5,
               "w": 576,
               "h": 576,
               "file_path": "./014.png",
               "transform_matrix": [
                    [
                         -0.15234310525498876,
                         -0.0530183331845738,
                         -0.9869045721991547,
                         0.15884459558168829
                    ],
                    [
                         0.98500574902353,
                         0.07365786340580478,
                         -0.15600703044762482,
                         -0.023630185160443153
                    ],
                    [
                         0.08096451489301779,
                         -0.9958732728137758,
                         0.04100209535276201,
                         -0.010204331826743187
                    ],
                    [
                         0.0,
                         0.0,
                         0.0,
                         1.0
                    ]
               ]
          },
          {
               "fl_x": 0.8645833134651184,
               "fl_y": 0.8645833134651184,
               "cx": 0.5,
               "cy": 0.5,
               "w": 576,
               "h": 576,
               "file_path": "./015.png",
               "transform_matrix": [
                    [
                         -0.19498883296746275,
                         -0.053018331720524316,
                         -0.9793714369530891,
                         0.18508232360727617
                    ],
                    [
                         0.9773155433313976,
                         0.07365786369418534,
                         -0.19856698587344015,
                         -0.02751672251234402
                    ],
                    [
                         0.08266609813485214,
                         -0.9958732728703891,
                         0.03745317879136242,
                         -0.011888636590062559
                    ],
                    [
                         0.0,
                         0.0,
                         0.0,
                         1.0
                    ]
               ]
          },
          {
               "fl_x": 0.8645833134651184,
               "fl_y": 0.8645833134651184,
               "cx": 0.5,
               "cy": 0.5,
               "w": 576,
               "h": 576,
               "file_path": "./016.png",
               "transform_matrix": [
                    [
                         -0.23611395604757518,
                         -0.053018330286922356,
                         -0.9702779274069622,
                         0.21121095721531324
                    ],
                    [
                         0.9680729772779088,
                         0.07365786403700786,
                         -0.2396022323138719,
                         -0.031379339783549766
                    ],
                    [
                         0.08417190994535281,
                         -0.9958732729213551,
                         0.03393396317937167,
                         -0.013565364180549096
                    ],
                    [
                         0.0,
                         0.0,
                         0.0,
                         1.0
                    ]
               ]
          },
          {
               "fl_x": 0.8645833134651184,
               "fl_y": 0.8645833134651184,
               "cx": 0.5,
               "cy": 0.5,
               "w": 576,
               "h": 576,
               "file_path": "./017.png",
               "transform_matrix": [
                    [
                         -0.2757272889955128,
                         -0.05301832888592484,
                         -0.9597726391731165,
                         0.23721491148900695
                    ],
                    [
                         0.957426415884895,
                         0.07365786443032209,
                         -0.27912215457281175,
                         -0.03521461981967539
                    ],
                    [
                         0.08549339313063503,
                         -0.9958732729668512,
                         0.03045166532888594,
                         -0.015233432144940977
                    ],
                    [
                         0.0,
                         0.0,
                         0.0,
                         1.0
                    ]
               ]
          },
          {
               "fl_x": 0.8645833134651184,
               "fl_y": 0.8645833134651184,
               "cx": 0.5,
               "cy": 0.5,
               "w": 576,
               "h": 576,
               "file_path": "./018.png",
               "transform_matrix": [
                    [
                         -0.31384689345642963,
                         -0.053018327519406765,
                         -0.9479921858405755,
                         0.2630786015115637
                    ],
                    [
                         0.9455122217471408,
                         0.07365786487032251,
                         -0.31714532547324487,
                         -0.03901914546633551
                    ],
                    [
                         0.08664159505995639,
                         -0.9958732730070576,
                         0.0270121845780073,
                         -0.01689175802997631
                    ],
                    [
                         0.0,
                         0.0,
                         0.0,
                         1.0
                    ]
               ]
          },
          {
               "fl_x": 0.8645833134651184,
               "fl_y": 0.8645833134651184,
               "cx": 0.5,
               "cy": 0.5,
               "w": 576,
               "h": 576,
               "file_path": "./019.png",
               "transform_matrix": [
                    [
                         -0.3504985644159547,
                         -0.053018326188994006,
                         -0.9350613955406737,
                         0.28878644236619117
                    ],
                    [
                         0.9324549572670495,
                         0.0736578653533625,
                         -0.3536979948200038,
                         -0.04278949956914563
                    ],
                    [
                         0.08762710203162229,
                         -0.9958732730421596,
                         0.02362022501663168,
                         -0.01853925938239337
                    ],
                    [
                         0.0,
                         0.0,
                         0.0,
                         1.0
                    ]
               ]
          },
          {
               "fl_x": 0.8645833134651184,
               "fl_y": 0.8645833134651184,
               "cx": 0.5,
               "cy": 0.5,
               "w": 576,
               "h": 576,
               "file_path": "./020.png",
               "transform_matrix": [
                    [
                         -0.3857144577763006,
                         -0.053018324896102226,
                         -0.9210935969202839,
                         0.31432284913609626
                    ],
                    [
                         0.9183676756252565,
                         0.07365786587595644,
                         -0.3888127199067228,
                         -0.046522264973720286
                    ],
                    [
                         0.0884599877289081,
                         -0.9958732730723381,
                         0.020279412003074423,
                         -0.02017485374893023
                    ],
                    [
                         0.0,
                         0.0,
                         0.0,
                         1.0
                    ]
               ]
          },
          {
               "fl_x": 0.8645833134651184,
               "fl_y": 0.8645833134651184,
               "cx": 0.5,
               "cy": 0.5,
               "w": 576,
               "h": 576,
               "file_path": "./021.png",
               "transform_matrix": [
                    [
                         -0.41953185166982493,
                         -0.05301832364196469,
                         -0.9061909747910115,
                         0.3396722369044856
                    ],
                    [
                         0.9033522808115261,
                         0.07365786643478706,
                         -0.42252712985663843,
                         -0.05021402452567446
                    ],
                    [
                         0.08914977390381555,
                         -0.9958732730977728,
                         0.016992402491337568,
                         -0.021797458676325057
                    ],
                    [
                         0.0,
                         0.0,
                         0.0,
                         1.0
                    ]
               ]
          },
          {
               "fl_x": 0.8645833134651184,
               "fl_y": 0.8645833134651184,
               "cx": 0.5,
               "cy": 0.5,
               "w": 576,
               "h": 576,
               "file_path": "./022.png",
               "transform_matrix": [
                    [
                         -0.45199203297864865,
                         -0.05301832242766312,
                         -0.890444978429765,
                         0.36481902075456646
                    ],
                    [
                         0.8874999397472121,
                         0.07365786702670608,
                         -0.45488281521043494,
                         -0.053861361070623434
                    ],
                    [
                         0.0897054015794078,
                         -0.9958732731186394,
                         0.0137609888977774,
                         -0.023405991711316063
                    ],
                    [
                         0.0,
                         0.0,
                         0.0,
                         1.0
                    ]
               ]
          },
          {
               "fl_x": 0.8645833134651184,
               "fl_y": 0.8645833134651184,
               "cx": 0.5,
               "cy": 0.5,
               "w": 576,
               "h": 576,
               "file_path": "./023.png",
               "transform_matrix": [
                    [
                         -0.48313929996874133,
                         -0.053018321254153254,
                         -0.8739367679855942,
                         0.38974761576954625
                    ],
                    [
                         0.8708915320089806,
                         0.07365786764873146,
                         -0.4859243336245809,
                         -0.05746085745418204
                    ],
                    [
                         0.09013521121496122,
                         -0.995873273135108,
                         0.010586196408575776,
                         -0.024999370400641326
                    ],
                    [
                         0.0,
                         0.0,
                         0.0,
                         1.0
                    ]
               ]
          },
          {
               "fl_x": 0.8645833134651184,
               "fl_y": 0.8645833134651184,
               "cx": 0.5,
               "cy": 0.5,
               "w": 576,
               "h": 576,
               "file_path": "./024.png",
               "transform_matrix": [
                    [
                         -0.5130200716545247,
                         -0.05301832012229061,
                         -0.8567376866993751,
                         0.4144424370326315
                    ],
                    [
                         0.8535981249133321,
                         0.0736578682980459,
                         -0.5156983222604384,
                         -0.06100909652196511
                    ],
                    [
                         0.09044693042900714,
                         -0.9958732731473408,
                         0.00746837377025899,
                         -0.026576512291039214
                    ],
                    [
                         0.0,
                         0.0,
                         0.0,
                         1.0
                    ]
               ]
          },
          {
               "fl_x": 0.8645833134651184,
               "fl_y": 0.8645833134651184,
               "cx": 0.5,
               "cy": 0.5,
               "w": 576,
               "h": 576,
               "file_path": "./025.png",
               "transform_matrix": [
                    [
                         -0.541682094433162,
                         -0.05301831903284982,
                         -0.8389097486723077,
                         0.43888789962702957
                    ],
                    [
                         0.8356814637484956,
                         0.07365786897199084,
                         -0.5442527073756058,
                         -0.0645026611195878
                    ],
                    [
                         0.0906476680211626,
                         -0.9958732731554936,
                         0.004407277718625346,
                         -0.02813633492924773
                    ],
                    [
                         0.0,
                         0.0,
                         0.0,
                         1.0
                    ]
               ]
          },
          {
               "fl_x": 0.8645833134651184,
               "fl_y": 0.8645833134651184,
               "cx": 0.5,
               "cy": 0.5,
               "w": 576,
               "h": 576,
               "file_path": "./026.png",
               "transform_matrix": [
                    [
                         -0.5691737366211485,
                         -0.05301831798654799,
                         -0.8205061337361209,
                         0.46306841863594694
                    ],
                    [
                         0.8171944687544097,
                         0.07365786966806082,
                         -0.5716360017293881,
                         -0.06793813409266504
                    ],
                    [
                         0.09074391317282722,
                         -0.995873273159713,
                         0.0014021512907456128,
                         -0.029677755862005047
                    ],
                    [
                         0.0,
                         0.0,
                         0.0,
                         1.0
                    ]
               ]
          },
          {
               "fl_x": 0.8645833134651184,
               "fl_y": 0.8645833134651184,
               "cx": 0.5,
               "cy": 0.5,
               "w": 576,
               "h": 576,
               "file_path": "./027.png",
               "transform_matrix": [
                    [
                         -0.595543361751221,
                         -0.05301831698405864,
                         -0.8015716825950333,
                         0.48696840914259204
                    ],
                    [
                         0.798181732065658,
                         0.07365787038389679,
                         -0.5978966806457243,
                         -0.07131209828681165
                    ],
                    [
                         0.0907415388381784,
                         -0.9958732731601382,
                         -0.0015482036663193642,
                         -0.03119969263604934
                    ],
                    [
                         0.0,
                         0.0,
                         0.0,
                         1.0
                    ]
               ]
          },
          {
               "fl_x": 0.8645833134651184,
               "fl_y": 0.8645833134651184,
               "cx": 0.5,
               "cy": 0.5,
               "w": 576,
               "h": 576,
               "file_path": "./028.png",
               "transform_matrix": [
                    [
                         -0.6208387718125742,
                         -0.05301831602603087,
                         -0.7821433868415805,
                         0.5105722862301704
                    ],
                    [
                         0.7786800092611236,
                         0.07365787111727497,
                         -0.62308262790706,
                         -0.07462113654764271
                    ],
                    [
                         0.09064580845991235,
                         -0.9958732731568986,
                         -0.004445359424618996,
                         -0.03270106279811878
                    ],
                    [
                         0.0,
                         0.0,
                         0.0,
                         1.0
                    ]
               ]
          },
          {
               "fl_x": 0.8645833134651184,
               "fl_y": 0.8645833134651184,
               "cx": 0.5,
               "cy": 0.5,
               "w": 576,
               "h": 576,
               "file_path": "./029.png",
               "transform_matrix": [
                    [
                         -0.645106712015128,
                         -0.05301831511310132,
                         -0.762250869711277,
                         0.5338644649818893
                    ],
                    [
                         0.758718701423751,
                         0.07365787186610064,
                         -0.6472406430548178,
                         -0.07786183172077332
                    ],
                    [
                         0.09046138525850378,
                         -0.9958732731501154,
                         -0.007291200339284489,
                         -0.03418078389495154
                    ],
                    [
                         0.0,
                         0.0,
                         0.0,
                         1.0
                    ]
               ]
          },
          {
               "fl_x": 0.8645833134651184,
               "fl_y": 0.8645833134651184,
               "cx": 0.5,
               "cy": 0.5,
               "w": 576,
               "h": 576,
               "file_path": "./030.png",
               "transform_matrix": [
                    [
                         -0.6683924291070602,
                         -0.05301831424590718,
                         -0.7419168545510245,
                         0.5568293604809568
                    ],
                    [
                         0.7383203247205462,
                         0.0736578726283954,
                         -0.6704160021243577,
                         -0.08103076665181833
                    ],
                    [
                         0.09019234344949309,
                         -0.9958732731399018,
                         -0.010087865418777372,
                         -0.03563777347328584
                    ],
                    [
                         0.0,
                         0.0,
                         0.0,
                         1.0
                    ]
               ]
          },
          {
               "fl_x": 0.8645833134651184,
               "fl_y": 0.8645833134651184,
               "cx": 0.5,
               "cy": 0.5,
               "w": 576,
               "h": 576,
               "file_path": "./031.png",
               "transform_matrix": [
                    [
                         -0.6907392757563877,
                         -0.05301831342509654,
                         -0.721157618949629,
                         0.5794513878105786
                    ],
                    [
                         0.7175009654831996,
                         0.07365787340228629,
                         -0.6926520643270533,
                         -0.08412452418639252
                    ],
                    [
                         0.08984218084071811,
                         -0.9958732731263603,
                         -0.012837695056853822,
                         -0.037070949079859715
                    ],
                    [
                         0.0,
                         0.0,
                         0.0,
                         1.0
                    ]
               ]
          },
          {
               "fl_x": 0.8645833134651184,
               "fl_y": 0.8645833134651184,
               "cx": 0.5,
               "cy": 0.5,
               "w": 576,
               "h": 576,
               "file_path": "./032.png",
               "transform_matrix": [
                    [
                         -0.7121883540081116,
                         -0.0530183126513371,
                         -0.6999834333316904,
                         0.601714962053963
                    ],
                    [
                         0.6962707196195591,
                         0.07365787418599964,
                         -0.7139899176955233,
                         -0.08713968717011117
                    ],
                    [
                         0.08941383235091353,
                         -0.9958732731095881,
                         -0.01554318147350262,
                         -0.03847922826141145
                    ],
                    [
                         0.0,
                         0.0,
                         0.0,
                         1.0
                    ]
               ]
          },
          {
               "fl_x": 0.8645833134651184,
               "fl_y": 0.8645833134651184,
               "cx": 0.5,
               "cy": 0.5,
               "w": 576,
               "h": 576,
               "file_path": "./033.png",
               "transform_matrix": [
                    [
                         -0.7327781913376479,
                         -0.05301831192532566,
                         -0.6783989835638863,
                         0.6236044982943163
                    ],
                    [
                         0.6746341159309331,
                         0.07365787497784,
                         -0.7344680572195342,
                         -0.09007283844858928
                    ],
                    [
                         0.08890968407329573,
                         -0.9958732730896727,
                         -0.018206922410143798,
                         -0.03986152856467925
                    ],
                    [
                         0.0,
                         0.0,
                         0.0,
                         1.0
                    ]
               ]
          },
          {
               "fl_x": 0.8645833134651184,
               "fl_y": 0.8645833134651184,
               "cx": 0.5,
               "cy": 0.5,
               "w": 576,
               "h": 576,
               "file_path": "./034.png",
               "transform_matrix": [
                    [
                         -0.7525444433313165,
                         -0.05301831124779174,
                         -0.6564037777797992,
                         0.6451044116148463
                    ],
                    [
                         0.6525905235644879,
                         0.07365787577618554,
                         -0.7541220895120153,
                         -0.09292056086744177
                    ],
                    [
                         0.08833158758330634,
                         -0.9958732730666952,
                         -0.020831577627255217,
                         -0.04121676753640109
