{
     "orientation_override": "none",
     "frames": [
          {
               "fl_x": 0.8645833134651184,
               "fl_y": 0.8645833134651184,
               "cx": 0.5,
               "cy": 0.5,
               "w": 576,
               "h": 576,
               "file_path": "./000.png",
               "transform_matrix": [
                    [
                         0.13434162428529672,
                         -0.05301830950702152,
                         -0.9895157334986674,
                         0.0
                    ],
                    [
                         0.9887361859713323,
                         0.07365785425028605,
                         0.13028919643170753,
                         0.0
                    ],
                    [
                         0.06597789715447035,
                         -0.9958732074833111,
                         0.06231644108458772,
                         0.0
                    ],
                    [
                         0.0,
                         0.0,
                         0.0,
                         1.0
                    ]
               ]
          },
          {
               "fl_x": 0.8645833134651184,
               "fl_y": 0.8645833134651184,
               "cx": 0.5,
               "cy": 0.5,
               "w": 576,
               "h": 576,
               "file_path": "./001.png",
               "transform_matrix": [
                    [
                         0.7946871586253704,
                         -0.053018313058749274,
                         -0.6046994116057498,
                         0.0
                    ],
                    [
                         0.6070136874780191,
                         0.07365785918466906,
                         0.7912704360676376,
                         0.0
                    ],
                    [
                         0.002589040415541755,
                         -0.9958732741974433,
                         0.09071779653954765,
                         0.0
                    ],
                    [
                         0.0,
                         0.0,
                         0.0,
                         1.0
                    ]
               ]
          },
          {
               "fl_x": 0.8645833134651184,
               "fl_y": 0.8645833134651184,
               "cx": 0.5,
               "cy": 0.5,
               "w": 576,
               "h": 576,
               "file_path": "./002.png",
               "transform_matrix": [
                    [
                         0.9895157334986674,
                         -0.05301830950702152,
                         0.13434162428529672,
                         0.0
                    ],
                    [
                         -0.13028919643170753,
                         0.07365785425028605,
                         0.9887361859713323,
                         0.0
                    ],
                    [
                         -0.06231644108458772,
                         -0.9958732074833111,
                         0.06597789715447035,
                         0.0
                    ],
                    [
                         0.0,
                         0.0,
                         0.0,
                         1.0
                    ]
               ]
          },
          {
               "fl_x": 0.8645833134651184,
               "fl_y": 0.8645833134651184,
               "cx": 0.5,
               "cy": 0.5,
               "w": 576,
               "h": 576,
               "file_path": "./003.png",
               "transform_matrix": [
                    [
                         0.6046994116057498,
                         -0.053018313058749274,
                         0.7946871586253704,
                         0.0
                    ],
                    [
                         -0.7912704360676376,
                         0.07365785918466906,
                         0.6070136874780191,
                         0.0
                    ],
                    [
                         -0.09071779653954765,
                         -0.9958732741974433,
                         0.002589040415541755,
                         0.0
                    ],
                    [
                         0.0,
                         0.0,
                         0.0,
                         1.0
                    ]
               ]
          },
          {
               "fl_x": 0.8645833134651184,
               "fl_y": 0.8645833134651184,
               "cx": 0.5,
               "cy": 0.5,
               "w": 576,
               "h": 576,
               "file_path": "./004.png",
               "transform_matrix": [
                    [
                         -0.13434162428529672,
                         -0.05301830950702152,
                         0.9895157334986674,
                         0.0
                    ],
                    [
                         -0.9887361859713323,
                         0.07365785425028605,
                         -0.13028919643170753,
                         0.0
                    ],
                    [
                         -0.06597789715447035,
                         -0.9958732074833111,
                         -0.06231644108458772,
                         0.0
                    ],
                    [
                         0.0,
                         0.0,
                         0.0,
                         1.0
                    ]
               ]
          },
          {
               "fl_x": 0.8645833134651184,
               "fl_y": 0.8645833134651184,
               "cx": 0.5,
               "cy": 0.5,
               "w": 576,
               "h": 576,
               "file_path": "./005.png",
               "transform_matrix": [
                    [
                         -0.7946871586253704,
                         -0.053018313058749274,
                         0.6046994116057498,
                         0.0
                    ],
                    [
                         -0.6070136874780191,
                         0.07365785918466906,
                         -0.7912704360676376,
                         0.0
                    ],
                    [
                         -0.002589040415541755,
                         -0.9958732741974433,
                         -0.09071779653954765,
                         0.0
                    ],
                    [
                         0.0,
                         0.0,
                         0.0,
                         1.0
                    ]
               ]
          },
          {
               "fl_x": 0.8645833134651184,
               "fl_y": 0.8645833134651184,
               "cx": 0.5,
               "cy": 0.5,
               "w": 576,
               "h": 576,
               "file_path": "./006.png",
               "transform_matrix": [
                    [
                         -0.9895157334986674,
                         -0.05301830950702152,
                         -0.13434162428529672,
                         0.0
                    ],
                    [
                         0.13028919643170753,
                         0.07365785425028605,
                         -0.9887361859713323,
                         0.0
                    ],
                    [
                         0.06231644108458772,
                         -0.9958732074833111,
                         -0.06597789715447035,
                         0.0
                    ],
                    [
                         0.0,
                         0.0,
                         0.0,
                         1.0
                    ]
               ]
          },
          {
               "fl_x": 0.8645833134651184,
               "fl_y": 0.8645833134651184,
               "cx": 0.5,
               "cy": 0.5,
               "w": 576,
               "h": 576,
               "file_path": "./007.png",
               "transform_matrix": [
                    [
                         -0.6046994116057498,
                         -0.053018313058749274,
                         -0.7946871586253704,
                         0.0
                    ],
                    [
                         0.7912704360676376,
                         0.07365785918466906,
                         -0.6070136874780191,
                         0.0
                    ],
                    [
                         0.09071779653954765,
                         -0.9958732741974433,
                         -0.002589040415541755,
                         0.0
                    ],
                    [
                         0.0,
                         0.0,
                         0.0,
                         1.0
                    ]
               ]
          },
          {
               "fl_x": 0.8645833134651184,
               "fl_y": 0.8645833134651184,
               "cx": 0.5,
               "cy": 0.5,
               "w": 576,
               "h": 576,
               "file_path": "./008.png",
               "transform_matrix": [
                    [
                         0.13434159656553069,
                         -0.05301834244172457,
                         -0.9895157354973979,
                         9.722307383274184e-17
                    ],
                    [
                         0.9887361894311334,
                         0.0736578630535144,
                         0.13028916654730618,
                         2.788930269702507e-16
                    ],
                    [
                         0.06597789888611287,
                         -0.9958732723469998,
                         0.062316468798000166,
                         7.566734593935487e-17
                    ],
                    [
                         0.0,
                         0.0,
                         0.0,
                         1.0
                    ]
               ]
          },
          {
               "fl_x": 0.8645833134651184,
               "fl_y": 0.8645833134651184,
               "cx": 0.5,
               "cy": 0.5,
               "w": 576,
               "h": 576,
               "file_path": "./009.png",
               "transform_matrix": [
                    [
                         0.18519207762005782,
                         -0.053018342227193295,
                         -0.9812710888303224,
                         0.02639905107913008
                    ],
                    [
                         0.9807015633779723,
                         0.07365786462380959,
                         0.18110483860753518,
                         -0.002808688721199293
                    ],
                    [
                         0.06267645470802738,
                         -0.995873272242277,
                         0.06563602409265694,
                         -0.0016131722725278555
                    ],
                    [
                         0.0,
                         0.0,
                         0.0,
                         1.0
                    ]
               ]
          },
          {
               "fl_x": 0.8645833134651184,
               "fl_y": 0.8645833134651184,
               "cx": 0.5,
               "cy": 0.5,
               "w": 576,
               "h": 576,
               "file_path": "./010.png",
               "transform_matrix": [
                    [
                         0.23409413426141787,
                         -0.053018341936479495,
                         -0.9707672180923211,
                         0.05278224026789535
                    ],
                    [
                         0.9704030638171334,
                         0.07365786616791833,
                         0.22998350481264895,
                         -0.0056172669720115495
                    ],
                    [
                         0.05931129773253952,
                         -0.9958732721435472,
                         0.06869203586578643,
                         -0.003225491918819809
                    ],
                    [
                         0.0,
                         0.0,
                         0.0,
                         1.0
                    ]
               ]
          },
          {
               "fl_x": 0.8645833134651184,
               "fl_y": 0.8645833134651184,
               "cx": 0.5,
               "cy": 0.5,
               "w": 576,
               "h": 576,
               "file_path": "./011.png",
               "transform_matrix": [
                    [
                         0.28102168862514076,
                         -0.053018341574814165,
                         -0.9582358091716938,
                         0.07913370567593127
                    ],
                    [
                         0.9580719688024627,
                         0.0736578676821492,
                         0.2768982143739682,
                         -0.008425624282049139
                    ],
                    [
                         0.0559009223291306,
                         -0.9958732720508043,
                         0.07149484525178841,
                         -0.004836106312639787
                    ],
                    [
                         0.0,
                         0.0,
                         0.0,
                         1.0
                    ]
               ]
          },
          {
               "fl_x": 0.8645833134651184,
               "fl_y": 0.8645833134651184,
               "cx": 0.5,
               "cy": 0.5,
               "w": 576,
               "h": 576,
               "file_path": "./012.png",
               "transform_matrix": [
                    [
                         0.3259667732390351,
                         -0.05301834114734302,
                         -0.9438933828807762,
                         0.10543758541287306
                    ],
                    [
                         0.9439244822463912,
                         0.07365786916334512,
                         0.32184016238840996,
                         -0.011233650180924783
                    ],
                    [
                         0.05246174377595438,
                         -0.9958732719640083,
                         0.07405532815190696,
                         -0.006444162827751852
                    ],
                    [
                         0.0,
                         0.0,
                         0.0,
                         1.0
                    ]
               ]
          },
          {
               "fl_x": 0.8645833134651184,
               "fl_y": 0.8645833134651184,
               "cx": 0.5,
               "cy": 0.5,
               "w": 576,
               "h": 576,
               "file_path": "./013.png",
               "transform_matrix": [
                    [
                         0.36893695777269114,
                         -0.053018340659090286,
                         -0.92794104163098,
                         0.13167801758835607
                    ],
                    [
                         0.9281614708518123,
                         0.07365787060882752,
                         0.3648161209754492,
                         -0.014041234198251066
                    ],
                    [
                         0.049008215797271076,
                         -0.9958732718830894,
                         0.076384691746699,
                         -0.008048808837919972
                    ],
                    [
                         0.0,
                         0.0,
                         0.0,
                         1.0
                    ]
               ]
          },
          {
               "fl_x": 0.8645833134651184,
               "fl_y": 0.8645833134651184,
               "cx": 0.5,
               "cy": 0.5,
               "w": 576,
               "h": 576,
               "file_path": "./014.png",
               "transform_matrix": [
                    [
                         0.4099529845818243,
                         -0.0530183401149318,
                         -0.9105644436523491,
                         0.15783914031201562
                    ],
                    [
                         0.9109684291059165,
                         0.07365787201634323,
                         0.4058460780423076,
                         -0.01684826586364075
                    ],
                    [
                         0.045552953853219315,
                         -0.995873271807955,
                         0.07849429847934852,
                         -0.009649191716908182
                    ],
                    [
                         0.0,
                         0.0,
                         0.0,
                         1.0
                    ]
               ]
          },
          {
               "fl_x": 0.8645833134651184,
               "fl_y": 0.8645833134651184,
               "cx": 0.5,
               "cy": 0.5,
               "w": 576,
               "h": 576,
               "file_path": "./015.png",
               "transform_matrix": [
                    [
                         0.4490466111667077,
                         -0.05301833951957227,
                         -0.891933964301328,
                         0.18390509169348704
                    ],
                    [
                         0.8925156319257,
                         0.07365787338401725,
                         0.4449610819575266,
                         -0.019654634706706486
                    ],
                    [
                         0.04210686129319135,
                         -0.9958732717384937,
                         0.08039551522880181,
                         -0.011244458838480555
                    ],
                    [
                         0.0,
                         0.0,
                         0.0,
                         1.0
                    ]
               ]
          },
          {
               "fl_x": 0.8645833134651184,
               "fl_y": 0.8645833134651184,
               "cx": 0.5,
               "cy": 0.5,
               "w": 576,
               "h": 576,
               "file_path": "./016.png",
               "transform_matrix": [
                    [
                         0.4862586541822895,
                         -0.05301833887753049,
                         -0.8722050085705171,
                         0.20986000984240552
                    ],
                    [
                         0.8729584390952712,
                         0.07365787471030409,
                         0.4822012869181381,
                         -0.022460230257060895
                    ],
                    [
                         0.038679256005979795,
                         -0.9958732716745781,
                         0.08209958537651323,
                         -0.012833757576400987
                    ],
                    [
                         0.0,
                         0.0,
                         0.0,
                         1.0
                    ]
               ]
          },
          {
               "fl_x": 0.8645833134651184,
               "fl_y": 0.8645833134651184,
               "cx": 0.5,
               "cy": 0.5,
               "w": 576,
               "h": 576,
               "file_path": "./017.png",
               "transform_matrix": [
                    [
                         0.5216372269864487,
                         -0.05301833819312925,
                         -0.8515184432747934,
                         0.23568803286840648
                    ],
                    [
                         0.8524377199795512,
                         0.07365787599394369,
                         0.5176141911309285,
                         -0.02526494204431679
                    ],
                    [
                         0.035277995662347905,
                         -0.9958732716160728,
                         0.08361752150564845,
                         -0.014416235304433617
                    ],
                    [
                         0.0,
                         0.0,
                         0.0,
                         1.0
                    ]
               ]
          },
          {
               "fl_x": 0.8645833134651184,
               "fl_y": 0.8645833134651184,
               "cx": 0.5,
               "cy": 0.5,
               "w": 576,
               "h": 576,
               "file_path": "./018.png",
               "transform_matrix": [
                    [
                         0.5552361607681101,
                         -0.05301833747048727,
                         -0.8300011214856007,
                         0.2613732988811251
                    ],
                    [
                         0.83108037108336,
                         0.07365787723392102,
                         0.5512530579700561,
                         -0.02806865959808667
                    ],
                    [
                         0.03190960005130854,
                         -0.9958732715628322,
                         0.08496001654488655,
                         -0.01599103939634243
                    ],
                    [
                         0.0,
                         0.0,
                         0.0,
                         1.0
                    ]
               ]
          },
          {
               "fl_x": 0.8645833134651184,
               "fl_y": 0.8645833134651184,
               "cx": 0.5,
               "cy": 0.5,
               "w": 576,
               "h": 576,
               "file_path": "./019.png",
               "transform_matrix": [
                    [
                         0.5871135979453977,
                         -0.0530183367135188,
                         -0.8077664755854518,
                         0.2868999459901971
                    ],
                    [
                         0.8089999028148188,
                         0.07365787842942918,
                         0.5831755089086728,
                         -0.03087127244798328
                    ],
                    [
                         0.028579369363643824,
                         -0.9958732715147083,
                         0.08613737127036698,
                         -0.01755731722589146
                    ],
                    [
                         0.0,
                         0.0,
                         0.0,
                         1.0
                    ]
               ]
          },
          {
               "fl_x": 0.8645833134651184,
               "fl_y": 0.8645833134651184,
               "cx": 0.5,
               "cy": 0.5,
               "w": 576,
               "h": 576,
               "file_path": "./020.png",
               "transform_matrix": [
                    [
                         0.6173307456643038,
                         -0.05301833592593187,
                         -0.7849151587994717,
                         0.31225211230525696
                    ],
                    [
                         0.7862970752888241,
                         0.07365787957983257,
                         0.6134422761499604,
                         -0.033672670123619255
                    ],
                    [
                         0.025291497579149853,
                         -0.9958732714715502,
                         0.08715943620031012,
                         -0.019114216166844625
                    ],
                    [
                         0.0,
                         0.0,
                         0.0,
                         1.0
                    ]
               ]
          },
          {
               "fl_x": 0.8645833134651184,
               "fl_y": 0.8645833134651184,
               "cx": 0.5,
               "cy": 0.5,
               "w": 576,
               "h": 576,
               "file_path": "./021.png",
               "transform_matrix": [
                    [
                         0.6459507767706144,
                         -0.05301833511123216,
                         -0.7615357182243476,
                         0.33741393593594077
                    ],
                    [
                         0.7630605661638948,
                         0.07365788068463748,
                         0.6421161024134843,
                         -0.0364727421546074
                    ],
                    [
                         0.022049180371982263,
                         -0.9958732714332085,
                         0.08803556605056277,
                         -0.02066088359296607
                    ],
                    [
                         0.0,
                         0.0,
                         0.0,
                         1.0
                    ]
               ]
          },
          {
               "fl_x": 0.8645833134651184,
               "fl_y": 0.8645833134651184,
               "cx": 0.5,
               "cy": 0.5,
               "w": 576,
               "h": 576,
               "file_path": "./022.png",
               "transform_matrix": [
                    [
                         0.6730378654934938,
                         -0.05301833427272851,
                         -0.737705285220939,
                         0.3623695549918836
                    ],
                    [
                         0.7393676563473403,
                         0.07365788174346238,
                         0.6692607751874508,
                         -0.03927137807056024
                    ],
                    [
                         0.018854717165817318,
                         -0.9958732713995349,
                         0.08877458506005931,
                         -0.02219646687801974
                    ],
                    [
                         0.0,
                         0.0,
                         0.0,
                         1.0
                    ]
               ]
          },
          {
               "fl_x": 0.8645833134651184,
               "fl_y": 0.8645833134651184,
               "cx": 0.5,
               "cy": 0.5,
               "w": 576,
               "h": 576,
               "file_path": "./023.png",
               "transform_matrix": [
                    [
                         0.6986563452002693,
                         -0.05301833341354036,
                         -0.7134902715759012,
                         0.38710310758272054
                    ],
                    [
                         0.7152849219398818,
                         0.07365788275601268,
                         0.694940282868506,
                         -0.0420684674010905
                    ],
                    [
                         0.015709607151670885,
                         -0.9958732713703848,
                         0.08938476163859257,
                         -0.023720113395769675
                    ],
                    [
                         0.0,
                         0.0,
                         0.0,
                         1.0
                    ]
               ]
          },
          {
               "fl_x": 0.8645833134651184,
               "fl_y": 0.8645833134651184,
               "cx": 0.5,
               "cy": 0.5,
               "w": 576,
               "h": 576,
               "file_path": "./024.png",
               "transform_matrix": [
                    [
                         0.7228699759005194,
                         -0.05301833253660276,
                         -0.6889470620857749,
                         0.4115987318180869
                    ],
                    [
                         0.6908689230372639,
                         0.07365788372205587,
                         0.7192180805200318,
                         -0.04486389967581084
                    ],
                    [
                         0.012614639230417952,
                         -0.9958732713456196,
                         0.08987379093184003,
                         -0.02523097051997994
                    ],
                    [
                         0.0,
                         0.0,
                         0.0,
                         1.0
                    ]
               ]
          },
          {
               "fl_x": 0.8645833134651184,
               "fl_y": 0.8645833134651184,
               "cx": 0.5,
               "cy": 0.5,
               "w": 576,
               "h": 576,
               "file_path": "./025.png",
               "transform_matrix": [
                    [
                         0.7457413096445393,
                         -0.05301833164468053,
                         -0.6641226961934533,
                         0.4358405658076184
                    ],
                    [
                         0.6661668819820666,
                         0.07365788464140521,
                         0.7421564534385218,
                         -0.04765756442433402
                    ],
                    [
                         0.009569975963313005,
                         -0.9958732713251058,
                         0.09024878403775585,
                         -0.0267281856244145
                    ],
                    [
                         0.0,
                         0.0,
                         0.0,
                         1.0
                    ]
               ]
          },
          {
               "fl_x": 0.8645833134651184,
               "fl_y": 0.8645833134651184,
               "cx": 0.5,
               "cy": 0.5,
               "w": 576,
               "h": 576,
               "file_path": "./026.png",
               "transform_matrix": [
                    [
                         0.7673311425357324,
                         -0.05301833074037509,
                         -0.639055533033172,
                         0.4598127476609499
                    ],
                    [
                         0.6412173453851318,
                         0.07365788551389743,
                         0.7638159672845719,
                         -0.05044935117627267
                    ],
                    [
                         0.006575231710907107,
                         -0.9958732713087172,
                         0.09051626274223933,
                         -0.02821090608283741
                    ],
                    [
                         0.0,
                         0.0,
                         0.0,
                         1.0
                    ]
               ]
          },
          {
               "fl_x": 0.8645833134651184,
               "fl_y": 0.8645833134651184,
               "cx": 0.5,
               "cy": 0.5,
               "w": 576,
               "h": 576,
               "file_path": "./027.png",
               "transform_matrix": [
                    [
                         0.7876980427248939,
                         -0.05301832982613694,
                         -0.6137758957386793,
                         0.48349941548771735
                    ],
                    [
                         0.6160508257350915,
                         0.07365788633938006,
                         0.7842549941767197,
                         -0.05323914946123949
                    ],
                    [
                         0.0036295452171143006,
                         -0.9958732712963342,
                         0.0906821587692695,
                         -0.02967827926901261
                    ],
                    [
                         0.0,
                         0.0,
                         0.0,
                         1.0
                    ]
               ]
          },
          {
               "fl_x": 0.8645833134651184,
               "fl_y": 0.8645833134651184,
               "cx": 0.5,
               "cy": 0.5,
               "w": 576,
               "h": 576,
               "file_path": "./028.png",
               "transform_matrix": [
                    [
                         0.8068979444493598,
                         -0.053018328904277455,
                         -0.5883066921628513,
                         0.5068847073975549
                    ],
                    [
                         0.5906904197091171,
                         0.07365788711769483,
                         0.8035293048353771,
                         -0.05602684880884694
                    ],
                    [
                         0.0007316469539283206,
                         -0.9958732712878455,
                         0.09075181666049459,
                         -0.031129452556704167
                    ],
                    [
                         0.0,
                         0.0,
                         0.0,
                         1.0
                    ]
               ]
          },
          {
               "fl_x": 0.8645833134651184,
               "fl_y": 0.8645833134651184,
               "cx": 0.5,
               "cy": 0.5,
               "w": 576,
               "h": 576,
               "file_path": "./029.png",
               "transform_matrix": [
                    [
                         0.8249837989000519,
                         -0.05301832797698059,
                         -0.5626640102680854,
                         0.5299527615000991
                    ],
                    [
                         0.5651524014104146,
                         0.07365788784866958,
                         0.8216917175788708,
                         -0.05881233874870805
                    ],
                    [
                         -0.002120078413755874,
                         -0.995873271283148,
                         0.090729999511305,
                         -0.03256357331967621
                    ],
                    [
                         0.0,
                         0.0,
                         0.0,
                         1.0
                    ]
               ]
          },
          {
               "fl_x": 0.8645833134651184,
               "fl_y": 0.8645833134651184,
               "cx": 0.5,
               "cy": 0.5,
               "w": 576,
               "h": 576,
               "file_path": "./030.png",
               "transform_matrix": [
                    [
                         0.8420052734276134,
                         -0.05301832704631624,
                         -0.5368576873970415,
                         0.5526877159049842
                    ],
                    [
                         0.5394467897098423,
                         0.07365788853210624,
                         0.838791795697083,
                         -0.061595508810435066
                    ],
                    [
                         -0.004927534052139168,
                         -0.9958732712821455,
                         0.0906208968944986,
                         -0.033979788931692526
                    ],
                    [
                         0.0,
                         0.0,
                         0.0,
                         1.0
                    ]
               ]
          },
          {
               "fl_x": 0.8645833134651184,
               "fl_y": 0.8645833134651184,
               "cx": 0.5,
               "cy": 0.5,
               "w": 576,
               "h": 576,
               "file_path": "./031.png",
               "transform_matrix": [
                    [
                         0.858008491322519,
                         -0.0530183261142518,
                         -0.5108918534430725,
                         0.5750737087218465
                    ],
                    [
                         0.5135778896805513,
                         0.07365788916777229,
                         0.854875585447742,
                         -0.06437624852364103
                    ],
                    [
                         -0.007692857058752789,
                         -0.9958732712847509,
                         0.09042813439899433,
                         -0.03537724676651742
                    ],
                    [
                         0.0,
                         0.0,
                         0.0,
                         1.0
                    ]
               ]
          },
          {
               "fl_x": 0.8645833134651184,
               "fl_y": 0.8645833134651184,
               "cx": 0.5,
               "cy": 0.5,
               "w": 576,
               "h": 576,
               "file_path": "./032.png",
               "transform_matrix": [
                    [
                         0.8730358051140135,
                         -0.05301832518266673,
                         -0.48476544862825316,
                         0.5970948780603209
                    ],
                    [
                         0.4875448088049991,
                         0.07365788975539629,
                         0.8699853876267573,
                         -0.06715444741793859
                    ],
                    [
                         -0.01041836821307872,
                         -0.9958732712908843,
                         0.09015478429994617,
                         -0.03675509419791467
                    ],
                    [
                         0.0,
                         0.0,
                         0.0,
                         1.0
                    ]
               ]
          },
          {
               "fl_x": 0.8645833134651184,
               "fl_y": 0.8645833134651184,
               "cx": 0.5,
               "cy": 0.5,
               "w": 576,
               "h": 576,
               "file_path": "./033.png",
               "transform_matrix": [
                    [
                         0.8871255970229208,
                         -0.05301832425336436,
                         -0.45847271718183097,
                         0.6187353620300419
                    ],
                    [
                         0.46134194922052213,
                         0.07365789029466056,
                         0.8841595563509729,
                         -0.06992999502294023
                    ],
                    [
                         -0.013106524945052468,
                         -0.9958732713004728,
                         0.08980337695855238,
                         -0.03811247859964836
                    ],
                    [
                         0.0,
                         0.0,
                         0.0,
                         1.0
                    ]
               ]
          },
          {
               "fl_x": 0.8645833134651184,
               "fl_y": 0.8645833134651184,
               "cx": 0.5,
               "cy": 0.5,
               "w": 576,
               "h": 576,
               "file_path": "./034.png",
               "transform_matrix": [
                    [
                         0.9003121008701029,
                         -0.053018323328087875,
                         -0.4320036787092674,
                         0.6399792987406459
                    ],
                    [
                         0.43495947776896254,
                         0.07365789078520077,
                         0.8974323193556303,
                         -0.0727027808682583
                    ],
                    [
                         -0.01575987708750027,
                         -0.9958732713134503,
                         0.08937591262545576,
                         -0.03944854734548258
                    ],
                    [
                         0.0,
